1:	0.2853 0.0291 0.0386 0.4137 0.2332 	29
2:	0.3992 0.0464 0.0797 0.1424 0.3323 	30
3:	0.3941 0.0397 0.3504 0.0115 0.2043 	30
4:	0.2018 0.1715 0.3244 0.0997 0.2026 	22
5:	0.2547 0.0269 0.4785 0.0474 0.1925 	30
6:	0.1325 0.1095 0.0862 0.4695 0.2024 	29
7:	0.2719 0.0790 0.4042 0.1704 0.0745 	30
8:	0.1015 0.0000 0.0821 0.7958 0.0207 	1
9:	0.2808 0.0094 0.3389 0.0950 0.2760 	30
10:	0.4739 0.0227 0.0424 0.1262 0.3348 	30
11:	0.3445 0.0842 0.0646 0.2886 0.2180 	30
12:	0.1025 0.6328 0.1933 0.0105 0.0610 	30
13:	0.3815 0.0430 0.0567 0.0811 0.4377 	30
