1:	0.2229 0.0244 0.0260 0.4088 0.1956 0.0283 0.0941 	29
2:	0.3408 0.0389 0.0699 0.1264 0.2656 0.0215 0.1370 	30
3:	0.3477 0.0366 0.3154 0.0093 0.2154 0.0561 0.0194 	30
4:	0.1535 0.1518 0.2352 0.0391 0.1996 0.1633 0.0575 	22
5:	0.2129 0.0244 0.4503 0.0249 0.1863 0.0485 0.0528 	30
6:	0.0772 0.1029 0.0559 0.4309 0.2104 0.0804 0.0423 	29
7:	0.2002 0.0721 0.3691 0.1560 0.0916 0.0785 0.0324 	30
8:	0.0053 0.0000 0.0000 0.5627 0.0027 0.2703 0.1590 	1
9:	0.2421 0.0021 0.2458 0.0342 0.2687 0.1496 0.0576 	30
10:	0.4105 0.0195 0.0211 0.0437 0.1860 0.0269 0.2924 	30
11:	0.2645 0.0763 0.0476 0.1712 0.1370 0.0290 0.2744 	30
12:	0.0789 0.6090 0.1625 0.0002 0.0193 0.0122 0.1178 	30
13:	0.3342 0.0403 0.0331 0.0394 0.3057 0.0417 0.2057 	30
