1:	0.4583 0.0308 0.0440 0.4668 	29
2:	0.6483 0.0485 0.1083 0.1949 	30
3:	0.5294 0.0441 0.4066 0.0198 	30
4:	0.3414 0.1778 0.3606 0.1201 	22
5:	0.3724 0.0283 0.5363 0.0630 	30
6:	0.2933 0.1122 0.0950 0.4996 	29
7:	0.2570 0.0833 0.4586 0.2011 	30
8:	0.0746 0.0043 0.0933 0.8277 	1
9:	0.4970 0.0134 0.3793 0.1104 	30
10:	0.7461 0.0235 0.0571 0.1734 	30
11:	0.4854 0.0871 0.0799 0.3476 	30
12:	0.1401 0.6444 0.2010 0.0146 	30
13:	0.7732 0.0453 0.0727 0.1087 	30
