1:	0.4337 0.0475 0.0409 0.4664 0.0116 	29
2:	0.5992 0.0965 0.1143 0.1858 0.0042 	30
3:	0.4910 0.0515 0.4100 0.0213 0.0262 	30
4:	0.2297 0.3082 0.3584 0.0842 0.0196 	22
5:	0.3500 0.0377 0.5384 0.0554 0.0184 	30
6:	0.2611 0.1756 0.0985 0.4504 0.0143 	29
7:	0.2115 0.1368 0.4517 0.1768 0.0232 	30
8:	0.0364 0.1211 0.0812 0.7614 0.0000 	1
9:	0.4786 0.0238 0.3751 0.0996 0.0229 	30
10:	0.7211 0.0441 0.0534 0.1724 0.0089 	30
11:	0.4663 0.1014 0.0579 0.3294 0.0449 	30
12:	0.0990 0.1510 0.1806 0.0158 0.5535 	30
13:	0.7562 0.0427 0.0735 0.1033 0.0242 	30
