1:	0.2347 0.0096 0.0312 0.3746 0.1989 0.0432 0.1077 	29
2:	0.3440 0.0018 0.0704 0.1071 0.2428 0.0810 0.1530 	30
3:	0.3491 0.0221 0.3368 0.0129 0.2154 0.0440 0.0197 	30
4:	0.1460 0.0167 0.3075 0.0746 0.1198 0.2857 0.0497 	22
5:	0.2328 0.0141 0.4612 0.0237 0.1752 0.0342 0.0588 	30
6:	0.0950 0.0141 0.0759 0.4201 0.1850 0.1618 0.0481 	29
7:	0.2193 0.0188 0.3821 0.1531 0.0676 0.1211 0.0379 	30
8:	0.0000 0.0000 0.0432 0.6901 0.0000 0.1018 0.1649 	1
9:	0.2531 0.0174 0.3164 0.0693 0.2639 0.0143 0.0655 	30
10:	0.4055 0.0063 0.0284 0.0465 0.1988 0.0379 0.2766 	30
11:	0.2699 0.0394 0.0391 0.1593 0.1528 0.0952 0.2442 	30
12:	0.0435 0.5382 0.1424 0.0015 0.0168 0.1389 0.1188 	30
13:	0.3092 0.0222 0.0446 0.0516 0.3639 0.0347 0.1738 	30
