1:	0.1851 0.0064 0.0115 0.3599 0.1750 0.0383 0.1052 0.0183 0.0308 0.0694 	29
2:	0.3139 0.0006 0.0528 0.1004 0.2174 0.0759 0.1314 0.0095 0.0654 0.0328 	30
3:	0.2365 0.0150 0.2408 0.0022 0.1686 0.0415 0.0220 0.0360 0.1735 0.0641 	30
4:	0.1069 0.0108 0.2164 0.0279 0.0998 0.2663 0.0488 0.1342 0.0706 0.0182 	22
5:	0.1518 0.0049 0.3963 0.0129 0.1398 0.0329 0.0575 0.0391 0.1227 0.0422 	30
6:	0.0702 0.0146 0.0534 0.3853 0.1751 0.1529 0.0454 0.0559 0.0213 0.0260 	29
7:	0.1327 0.0082 0.3161 0.0989 0.0566 0.1136 0.0394 0.0686 0.0922 0.0737 	30
8:	0.0263 0.0000 0.0000 0.5355 0.0001 0.0116 0.1774 0.2491 0.0000 0.0000 	1
9:	0.1740 0.0053 0.1507 0.0180 0.2090 0.0018 0.0697 0.1336 0.1964 0.0414 	30
10:	0.2615 0.0021 0.0119 0.0051 0.1621 0.0347 0.2453 0.0164 0.0287 0.2322 	30
11:	0.0968 0.0206 0.0187 0.0928 0.1078 0.0909 0.1784 0.0175 0.0306 0.3458 	30
12:	0.0335 0.5338 0.1210 0.0005 0.0118 0.1238 0.0646 0.0074 0.0778 0.0260 	30
13:	0.2625 0.0215 0.0199 0.0152 0.3227 0.0290 0.1363 0.0406 0.0451 0.1072 	30
