1:	0.1994 0.0618 0.3915 0.1374 0.0626 0.0112 0.0426 0.0225 0.0657 0.0052 	28
2:	0.2696 0.0667 0.1130 0.2271 0.1110 0.0031 0.1231 0.0207 0.0303 0.0354 	27
3:	0.1492 0.2808 0.0055 0.1097 0.0280 0.0212 0.0835 0.0510 0.0654 0.2057 	28
4:	0.0385 0.0492 0.0289 0.1017 0.0653 0.1857 0.1912 0.0461 0.0251 0.2682 	15
5:	0.0547 0.0995 0.0079 0.1181 0.0447 0.0219 0.1792 0.0718 0.0387 0.3636 	29
6:	0.0392 0.0270 0.3322 0.1905 0.0343 0.0630 0.1259 0.1050 0.0317 0.0511 	24
7:	0.0392 0.0348 0.0713 0.0571 0.0233 0.0608 0.2446 0.1447 0.0638 0.2604 	26
8:	0.0954 0.2804 0.0191 0.1256 0.0570 0.1102 0.1033 0.0582 0.0551 0.0957 	30
9:	0.3817 0.0296 0.0095 0.1467 0.1611 0.0107 0.0327 0.0186 0.1978 0.0116 	29
10:	0.1932 0.0156 0.0976 0.1223 0.1373 0.0160 0.0597 0.0601 0.2820 0.0160 	27
11:	0.0718 0.0000 0.0000 0.0518 0.2585 0.0076 0.0164 0.3879 0.0126 0.1934 	9
12:	0.3104 0.0476 0.0128 0.2818 0.1402 0.0426 0.0285 0.0144 0.1063 0.0156 	28
