0.8216904 -0.0292871 -0.0430547 -0.0026883 -0.0146498 -0.0364367 -0.0697987 0.1003437 -0.0248018 -0.0457144 0.0044377 -0.0163191 0.0632673 -0.0227516 -0.0332133 0.0970535 0.0878617 0.0897107 0.0566534 0.0713069 0.1093479 0.0582005 0.0496857 0.0521915 0.0892555 0.0630605 -0.0131757 0.0872474 0.0493845 0.0502110 0.1020241 0.0485117 -0.0374733 0.0747214 0.0446786 0.0713884 -0.0259143 -0.0370718 0.0432963 0.0780120 0.0895159 -0.0218170 -0.2548679 -0.2586587 -0.2058740 -0.2118457 -0.1515280 -0.1842230 -0.2432606 -0.2056224 -0.1698420 -0.0151928 -0.2222384 -0.1338415 -0.1740258 -0.0904541 -0.0764164 -0.1650268 -0.0768832 -0.0718357 0.0558482 0.0578395 0.0718528 0.0541102 0.0303326 0.0369211 0.0673992 0.0619722 -0.0175329 0.0423441 -0.0661473
-0.0292871 0.8454339 0.0829476 0.0548995 0.0617947 0.0313740 0.0259681 -0.0388838 0.0691646 0.0305536 0.0495247 0.0622759 -0.0301499 0.0254383 0.0327816 -0.0399073 -0.0387314 -0.0232811 -0.0224506 -0.0188810 -0.0193299 -0.0122673 -0.0062571 -0.0046435 -0.0287225 -0.0213626 0.0373149 -0.0358910 -0.0276891 -0.0311353 -0.0249712 -0.0327145 0.0613854 -0.0264703 -0.0179815 -0.0260254 0.0545682 0.0589938 -0.0140398 -0.0320508 -0.0372532 0.0239057 -0.1421777 -0.1225491 -0.0981292 -0.0897257 -0.0375047 -0.0694726 -0.1072061 -0.0882161 -0.0815924 0.0197743 -0.0955043 0.0037654 -0.0509998 -0.0257259 0.0199936 -0.0576847 0.0101438 0.0374995 -0.0231123 -0.0156941 -0.0308455 -0.0232411 -0.0265206 -0.0205520 -0.0240167 -0.0178979 0.0365422 -0.0230588 0.0057548
-0.0430547 0.0829476 1.0301149 0.1047527 0.1131477 0.0205878 0.0660111 -0.0265673 0.1078017 0.1121854 0.1147444 0.1905067 -0.0504759 0.1404027 0.0667914 -0.0349422 -0.0661310 -0.0809743 -0.0629203 -0.0112585 -0.0289478 -0.0561378 -0.0438558 -0.0406414 -0.0681130 -0.0737996 0.0706932 -0.0823081 -0.0663813 -0.0722809 -0.0405600 -0.0829869 0.1173680 -0.0775614 -0.0694715 -0.0775743 0.1784031 0.1763350 -0.0724734 -0.0825957 -0.0249401 0.0762133 -0.1559275 -0.1228813 -0.0915062 -0.0999437 -0.0262692 -0.0939343 -0.1033300 -0.0724042 -0.0855712 0.0406451 -0.1005251 0.0285774 -0.0412306 -0.0089911 0.0353857 -0.0465397 0.0763320 0.1287252 -0.0790936 -0.0847774 -0.0790758 -0.0740163 -0.0594228 -0.0531418 -0.0660926 -0.0754886 0.0627183 -0.0613771 0.0096727
-0.0026883 0.0548995 0.1047527 0.8701004 0.0833724 0.0067382 0.0519482 0.0148246 0.0798392 0.0646667 0.0794657 0.1197529 -0.0127045 0.0721641 0.0373835 0.0066716 -0.0156168 -0.0305996 -0.0177933 0.0245261 0.0039341 -0.0099919 0.0046824 -0.0083621 -0.0310260 -0.0267071 0.0535586 -0.0377874 -0.0136123 -0.0135604 -0.0080094 -0.0266005 0.0768707 -0.0181000 -0.0361727 -0.0268990 0.1050974 0.0885760 -0.0299166 -0.0354424 0.0193646 0.0607434 -0.2161254 -0.2029224 -0.1480542 -0.1489137 -0.0921331 -0.1457573 -0.1788628 -0.1591021 -0.1208769 0.0357569 -0.1615461 -0.0444825 -0.1065588 -0.0450603 -0.0179815 -0.1195441 0.0166687 0.0727931 -0.0235557 -0.0360458 -0.0321287 -0.0317288 -0.0204406 -0.0259132 -0.0260922 -0.0327181 0.0166631 -0.0204528 -0.0154076
-0.0146498 0.0617947 0.1131477 0.0833724 0.8226648 0.0274601 0.0281892 0.0091209 0.0672175 0.0783971 0.0900388 0.1349108 -0.0234704 0.0889031 0.0472109 0.0129015 -0.0244079 -0.0393944 -0.0232146 0.0124729 -0.0013835 -0.0261966 -0.0109466 -0.0017050 -0.0217233 -0.0314773 0.0455371 -0.0424870 -0.0329761 -0.0249938 -0.0028188 -0.0290970 0.0634732 -0.0293135 -0.0235086 -0.0289121 0.0852087 0.0903440 -0.0268860 -0.0354192 0.0049616 0.0471919 -0.2130374 -0.1917962 -0.1450167 -0.1387856 -0.0778508 -0.1184587 -0.1624225 -0.1273365 -0.1292635 0.0406723 -0.1558682 -0.0480109 -0.0950958 -0.0241689 0.0073237 -0.0968843 0.0282277 0.0593421 -0.0329625 -0.0349662 -0.0339809 -0.0339235 -0.0206477 -0.0218021 -0.0301733 -0.0309642 0.0226634 -0.0250833 -0.0149267
-0.0364367 0.0313740 0.0205878 0.0067382 0.0274601 0.8087804 0.0753029 -0.0280553 0.0378985 0.0313676 0.0171822 0.0006374 -0.0170952 0.0227209 0.0212802 -0.0268538 -0.0318429 -0.0213326 -0.0264184 -0.0266859 -0.0295332 -0.0099069 -0.0016382 -0.0062550 -0.0164553 -0.0135872 0.0100487 -0.0282772 -0.0169315 -0.0151258 -0.0292813 -0.0248752 0.0204519 -0.0226698 -0.0195706 -0.0190924 -0.0011534 -0.0004444 -0.0153797 -0.0269744 -0.0327667 0.0114114 -0.0603176 -0.0564535 -0.0518318 -0.0149991 -0.0104243 -0.0436623 -0.0507737 -0.0230175 -0.0456922 0.0165601 -0.0403126 0.0165188 -0.0165832 0.0119117 0.0230777 -0.0116412 -0.0054425 -0.0064989 -0.0163279 -0.0267848 -0.0207839 -0.0141181 -0.0133570 -0.0105580 -0.0217922 -0.0164140 0.0292060 -0.0169525 0.0049585
-0.0697987 0.0259681 0.0660111 0.0519482 0.0281892 0.0753029 0.8947369 -0.0573197 0.0547969 0.0727257 0.0572842 0.0639245 -0.0384630 0.0917639 0.0269600 -0.0670298 -0.0617676 -0.0770866 -0.0817549 -0.0366878 -0.0546314 -0.0540886 -0.0520060 -0.0520866 -0.0751478 -0.0712296 0.0168064 -0.0865388 -0.0465949 -0.0580448 -0.0714342 -0.0651914 0.0612634 -0.0778206 -0.0822050 -0.0705658 0.0554244 0.0520761 -0.0749410 -0.0840500 -0.0617808 0.0464045 0.0112216 0.0354506 0.0218109 0.0381635 0.0216617 -0.0014220 0.0537346 0.0457614 0.0219835 -0.0053245 0.0570272 0.0545065 0.0402233 0.0406972 0.0157120 0.0229854 0.0428014 0.0634135 -0.0640976 -0.0796641 -0.0771069 -0.0731975 -0.0529745 -0.0605187 -0.0536451 -0.0753110 0.0346597 -0.0456382 0.0424194
0.1003437 -0.0388838 -0.0265673 0.0148246 0.0091209 -0.0280553 -0.0573197 0.8441066 -0.0221310 -0.0292181 -0.0002639 -0.0042611 0.0918484 -0.0032753 -0.0276611 0.1051914 0.0622563 0.0677385 0.0444410 0.0983364 0.0995230 0.0713010 0.0655084 0.0515663 0.0477489 0.0562170 -0.0200242 0.0508475 0.0509304 0.0623936 0.1021573 0.0411747 -0.0331441 0.0694782 0.0572356 0.0701232 -0.0075551 -0.0270924 0.0528482 0.0657650 0.1144053 -0.0011473 -0.2756827 -0.2857800 -0.2269149 -0.2191827 -0.1748724 -0.2009613 -0.2670273 -0.2251553 -0.1856633 -0.0048566 -0.2489115 -0.1439438 -0.1819019 -0.0914879 -0.0723978 -0.1879813 -0.0753802 -0.0649872 0.0561606 0.0520693 0.0661952 0.0445768 0.0373647 0.0418255 0.0632538 0.0504936 -0.0305743 0.0439515 -0.0678631
-0.0248018 0.0691646 0.1078017 0.0798392 0.0672175 0.0378985 0.0547969 -0.0221310 0.8049516 0.0543461 0.0598596 0.0805411 -0.0155635 0.0593404 0.0526066 -0.0193525 -0.0338501 -0.0304312 -0.0237376 -0.0251163 -0.0328585 -0.0186113 -0.0139395 -0.0134258 -0.0284060 -0.0233436 0.0515467 -0.0451550 -0.0165427 -0.0145275 -0.0357284 -0.0390155 0.0835215 -0.0318713 -0.0348646 -0.0305576 0.0748747 0.0710429 -0.0348893 -0.0440525 -0.0301119 0.0399323 -0.1539943 -0.1371161 -0.1058609 -0.1113935 -0.0454966 -0.0929133 -0.1126578 -0.0949543 -0.0857908 0.0122852 -0.1128884 -0.0052066 -0.0554887 -0.0069271 0.0203101 -0.0675150 0.0113998 0.0417594 -0.0220092 -0.0453171 -0.0381438 -0.0315373 -0.0322285 -0.0223719 -0.0275770 -0.0395630 0.0232581 -0.0317921 -0.0092771
-0.0457144 0.0305536 0.1121854 0.0646667 0.0783971 0.0313676 0.0727257 -0.0292181 0.0543461 0.9098516 0.0834287 0.1196299 -0.0230293 0.0963086 0.0454567 -0.0422213 -0.0397039 -0.0501728 -0.0304148 -0.0105152 -0.0320766 -0.0313784 -0.0210756 -0.0315209 -0.0379138 -0.0504579 0.0490439 -0.0612592 -0.0322880 -0.0404871 -0.0420654 -0.0506837 0.0622105 -0.0562460 -0.0567307 -0.0424442 0.0817647 0.0984217 -0.0428776 -0.0589231 -0.0275493 0.0523187 -0.1178273 -0.0982245 -0.0897237 -0.0863668 -0.0420440 -0.0866659 -0.0854243 -0.0686317 -0.0779427 0.0192197 -0.0700518 -0.0249631 -0.0486256 0.0006017 -0.0001667 -0.0470208 0.0334503 0.0473525 -0.0403853 -0.0490070 -0.0580819 -0.0495163 -0.0421115 -0.0342681 -0.0319575 -0.0380039 0.0240417 -0.0398210 0.0129803
0.0044377 0.0495247 0.1147444 0.0794657 0.0900388 0.0171822 0.0572842 -0.0002639 0.0598596 0.0834287 0.9594983 0.1265413 -0.0260929 0.1261866 0.0428866 -0.0038871 -0.0357477 -0.0490470 -0.0396648 0.0115612 -0.0026187 -0.0391457 -0.0274588 -0.0326978 -0.0460907 -0.0481280 0.0465912 -0.0575326 -0.0439528 -0.0516018 -0.0104327 -0.0470463 0.0762717 -0.0512737 -0.0524781 -0.0458573 0.1087885 0.1237196 -0.0478504 -0.0538024 0.0001693 0.0719477 -0.1592447 -0.1304045 -0.1032738 -0.0916344 -0.0542273 -0.0983587 -0.1096053 -0.0785235 -0.0962868 0.0378252 -0.1015974 -0.0108625 -0.0646284 -0.0153875 0.0065792 -0.0535183 0.0504319 0.0897494 -0.0449076 -0.0547476 -0.0535933 -0.0529980 -0.0442037 -0.0320291 -0.0459030 -0.0558080 0.0333780 -0.0443588 0.0056580
-0.0163191 0.0622759 0.1905067 0.1197529 0.1349108 0.0006374 0.0639245 -0.0042611 0.0805411 0.1196299 0.1265413 0.9478861 -0.0150418 0.1709833 0.0378678 -0.0197870 -0.0580859 -0.0738789 -0.0491795 0.0110675 -0.0070479 -0.0483036 -0.0271271 -0.0526160 -0.0725108 -0.0733039 0.0762201 -0.0741101 -0.0534043 -0.0650376 -0.0255908 -0.0670581 0.0870569 -0.0709428 -0.0556973 -0.0721110 0.1788092 0.1658453 -0.0643178 -0.0801483 -0.0060296 0.0805954 -0.1957776 -0.1702956 -0.1286489 -0.1327872 -0.0721734 -0.1289605 -0.1415601 -0.1184424 -0.1231907 0.0485071 -0.1503567 -0.0169675 -0.0747597 -0.0377278 0.0084976 -0.0877669 0.0597257 0.1048177 -0.0745405 -0.0600620 -0.0740303 -0.0581185 -0.0549891 -0.0370974 -0.0587804 -0.0593445 0.0538623 -0.0548652 -0.0061453
0.0632673 -0.0301499 -0.0504759 -0.0127045 -0.0234704 -0.0170952 -0.0384630 0.0918484 -0.0155635 -0.0230293 -0.0260929 -0.0150418 0.7456133 -0.0313274 -0.0202612 0.0606457 0.0683041 0.0753092 0.0521913 0.0613914 0.0650417 0.0791625 0.0674269 0.0518963 0.0519199 0.0700060 -0.0112169 0.0689982 0.0688761 0.0577933 0.0655231 0.0640427 -0.0371892 0.0661067 0.0558713 0.0743596 -0.0358450 -0.0505890 0.0537703 0.0660194 0.0738361 -0.0329798 -0.2315392 -0.2364764 -0.1851272 -0.1909471 -0.1480230 -0.1664286 -0.2231162 -0.1955905 -0.1542396 -0.0208005 -0.2108694 -0.1228265 -0.1541848 -0.0821906 -0.0669049 -0.1656512 -0.0886772 -0.0866625 0.0724770 0.0628030 0.0705961 0.0655628 0.0648898 0.0541204 0.0703934 0.0652673 -0.0264387 0.0485792 -0.0575933
-0.0227516 0.0254383 0.1404027 0.0721641 0.0889031 0.0227209 0.0917639 -0.0032753 0.0593404 0.0963086 0.1261866 0.1709833 -0.0313274 0.9718680 0.0302335 -0.0215455 -0.0640643 -0.0860281 -0.0628144 -0.0021692 -0.0250365 -0.0667393 -0.0579512 -0.0684613 -0.0804892 -0.0848712 0.0449965 -0.0903391 -0.0816355 -0.0853944 -0.0298593 -0.0809528 0.0731200 -0.0918298 -0.0939830 -0.0810638 0.1264297 0.1306009 -0.0850635 -0.0995869 -0.0125282 0.0779398 -0.0762322 -0.0488881 -0.0540628 -0.0412616 -0.0160923 -0.0578954 -0.0231185 -0.0145109 -0.0473838 0.0312439 -0.0199930 0.0158512 -0.0064426 0.0061035 0.0129750 -0.0030849 0.0711451 0.0898242 -0.0843372 -0.0987389 -0.0903183 -0.0798101 -0.0865927 -0.0700017 -0.0811575 -0.0803764 0.0305488 -0.0731394 0.0228608
-0.0332133 0.0327816 0.0667914 0.0373835 0.0472109 0.0212802 0.0269600 -0.0276611 0.0526066 0.0454567 0.0428866 0.0378678 -0.0202612 0.0302335 0.8335497 -0.0278958 -0.0285004 -0.0252909 -0.0147707 -0.0159675 -0.0360122 -0.0123955 0.0072386 -0.0098712 -0.0241483 -0.0128246 0.0287439 -0.0303666 -0.0338822 -0.0167893 -0.0258938 -0.0287430 0.0430476 -0.0117663 -0.0353338 -0.0157077 0.0395035 0.0536300 -0.0234040 -0.0254422 -0.0269362 0.0183701 -0.0981875 -0.0817370 -0.0653519 -0.0590413 -0.0150912 -0.0549632 -0.0644628 -0.0535202 -0.0707872 0.0171305 -0.0652053 -0.0016186 -0.0285810 -0.0019777 0.0204314 -0.0447306 0.0098903 0.0149560 -0.0161368 -0.0203339 -0.0285181 -0.0250300 -0.0234809 -0.0168459 -0.0285813 -0.0266899 0.0116148 -0.0226195 0.0115246
0.0970535 -0.0399073 -0.0349422 0.0066716 0.0129015 -0.0268538 -0.0670298 0.1051914 -0.0193525 -0.0422213 -0.0038871 -0.0197870 0.0606457 -0.0215455 -0.0278958 0.8024554 0.0826191 0.0852904 0.0821922 0.0757029 0.0871605 0.0535071 0.0519336 0.0623642 0.0679340 0.0714727 -0.0187848 0.0733080 0.0570373 0.0587946 0.0901780 0.0757416 -0.0359103 0.0776520 0.0565788 0.0767803 -0.0174520 -0.0273776 0.0609071 0.0796125 0.0879991 -0.0207317 -0.2662155 -0.2656598 -0.2155073 -0.2162068 -0.1575295 -0.1994880 -0.2540188 -0.2149996 -0.1805019 0.0005526 -0.2317551 -0.1407063 -0.1695022 -0.0804986 -0.0611793 -0.1725883 -0.0729656 -0.0697942 0.0450947 0.0569110 0.0698973 0.0563843 0.0486770 0.0440682 0.0365191 0.0550157 -0.0324965 0.0409144 -0.0627897
0.0878617 -0.0387314 -0.0661310 -0.0156168 -0.0244079 -0.0318429 -0.0617676 0.0622563 -0.0338501 -0.0397039 -0.0357477 -0.0580859 0.0683041 -0.0640643 -0.0285004 0.0826191 0.8039546 0.1084708 0.0910661 0.0616600 0.0713384 0.0656475 0.0661344 0.0593170 0.0869935 0.0844579 -0.0104152 0.0893546 0.0722837 0.0722869 0.0706469 0.0673468 -0.0420032 0.0852845 0.0651012 0.0835132 -0.0536204 -0.0676057 0.0600309 0.0982872 0.0561769 -0.0486257 -0.2219645 -0.2302116 -0.1894197 -0.1877996 -0.1465153 -0.1645646 -0.2171163 -0.1912661 -0.1566422 -0.0142956 -0.2023900 -0.1399534 -0.1446559 -0.0858280 -0.0687920 -0.1615566 -0.1021225 -0.1008332 0.0802518 0.0740269 0.0978299 0.0663922 0.0600801 0.0570749 0.0623452 0.0655892 -0.0383602 0.0588094 -0.0542104
0.0897107 -0.0232811 -0.0809743 -0.0305996 -0.0393944 -0.0213326 -0.0770866 0.0677385 -0.0304312 -0.0501728 -0.0490470 -0.0738789 0.0753092 -0.0860281 -0.0252909 0.0852904 0.1084708 0.8605968 0.0940969 0.0511718 0.0761059 0.0790423 0.0740008 0.0762333 0.1107429 0.0958122 -0.0238438 0.1071505 0.0758795 0.0796921 0.0845257 0.0925110 -0.0542023 0.1041606 0.0896226 0.1009444 -0.0662299 -0.0768294 0.0858876 0.1097191 0.0545961 -0.0499422 -0.2216827 -0.2363564 -0.1886660 -0.1906506 -0.1491382 -0.1704658 -0.2323462 -0.2005934 -0.1634281 -0.0222688 -0.2093891 -0.1347473 -0.1544787 -0.0803807 -0.0736980 -0.1637536 -0.1076307 -0.1198502 0.0911368 0.0941263 0.1018147 0.0847220 0.0822242 0.0721960 0.0848333 0.0917345 -0.0350112 0.0689273 -0.0604700
0.0566534 -0.0224506 -0.0629203 -0.0177933 -0.0232146 -0.0264184 -0.0817549 0.0444410 -0.0237376 -0.0304148 -0.0396648 -0.0491795 0.0521913 -0.0628144 -0.0147707 0.0821922 0.0910661 0.0940969 0.8401638 0.0268592 0.0500880 0.0682591 0.0638293 0.0841671 0.0786982 0.0833556 -0.0033484 0.0907521 0.0614247 0.0741483 0.0686556 0.0760707 -0.0355945 0.0713238 0.0589779 0.0948740 -0.0507271 -0.0528560 0.0801891 0.0982496 0.0567966 -0.0503212 -0.2273710 -0.2368551 -0.1955189 -0.1867754 -0.1430416 -0.1724551 -0.2211291 -0.1937517 -0.1559730 -0.0099587 -0.2031731 -0.1245591 -0.1538795 -0.0741393 -0.0564033 -0.1494829 -0.0927234 -0.0939034 0.0709787 0.0709206 0.0897696 0.0696148 0.0669454 0.0511696 0.0504008 0.0695231 -0.0261734 0.0490117 -0.0566949
0.0713069 -0.0188810 -0.0112585 0.0245261 0.0124729 -0.0266859 -0.0366878 0.0983364 -0.0251163 -0.0105152 0.0115612 0.0110675 0.0613914 -0.0021692 -0.0159675 0.0757029 0.0616600 0.0511718 0.0268592 0.8278037 0.0851260 0.0578194 0.0561796 0.0297032 0.0334449 0.0447676 -0.0008766 0.0367887 0.0622867 0.0348013 0.0760579 0.0343829 -0.0149220 0.0417912 0.0446803 0.0399677 0.0072127 -0.0095239 0.0431651 0.0438121 0.0939514 0.0130978 -0.2584336 -0.2647787 -0.2054701 -0.2105801 -0.1550056 -0.1894446 -0.2494334 -0.2101786 -0.1730374 0.0118233 -0.2268874 -0.1280157 -0.1604383 -0.0831682 -0.0593930 -0.1757948 -0.0547320 -0.0422799 0.0475177 0.0530068 0.0542163 0.0401827 0.0444549 0.0484786 0.0751814 0.0343256 -0.0075564 0.0660261 -0.0561953
0.1093479 -0.0193299 -0.0289478 0.0039341 -0.0013835 -0.0295332 -0.0546314 0.0995230 -0.0328585 -0.0320766 -0.0026187 -0.0070479 0.0650417 -0.0250365 -0.0360122 0.0871605 0.0713384 0.0761059 0.0500880 0.0851260 0.8128195 0.0949338 0.0721496 0.0571861 0.0604727 0.0516825 -0.0133655 0.0678828 0.0543421 0.0526471 0.0955537 0.0498365 -0.0317090 0.0477164 0.0678599 0.0614116 -0.0090538 -0.0201265 0.0672950 0.0701220 0.0896037 -0.0076350 -0.2627078 -0.2723878 -0.2128768 -0.2211293 -0.1784984 -0.1937010 -0.2607794 -0.2131254 -0.1702341 -0.0206274 -0.2349837 -0.1396686 -0.1780027 -0.0961904 -0.0864756 -0.1754538 -0.0845648 -0.0708217 0.0692437 0.0686698 0.0815127 0.0556664 0.0522013 0.0553197 0.0491996 0.0682401 -0.0120632 0.0659071 -0.0652631
0.0582005 -0.0122673 -0.0561378 -0.0099919 -0.0261966 -0.0099069 -0.0540886 0.0713010 -0.0186113 -0.0313784 -0.0391457 -0.0483036 0.0791625 -0.0667393 -0.0123955 0.0535071 0.0656475 0.0790423 0.0682591 0.0578194 0.0949338 0.7633793 0.0884222 0.0831108 0.0678406 0.0702050 -0.0153975 0.0823106 0.0789101 0.0746290 0.0489989 0.0732399 -0.0454763 0.0695070 0.0818728 0.0729929 -0.0519400 -0.0670662 0.0781530 0.0804137 0.0574740 -0.0330785 -0.2465082 -0.2489440 -0.1975084 -0.1923874 -0.1589057 -0.1767882 -0.2420115 -0.2106826 -0.1568081 -0.0179231 -0.2267029 -0.1364655 -0.1583479 -0.0862357 -0.0722275 -0.1744462 -0.1047904 -0.0965417 0.0882169 0.0779804 0.0911492 0.0723129 0.0815421 0.0585656 0.0848057 0.0715364 -0.0238365 0.0772587 -0.0625451
0.0496857 -0.0062571 -0.0438558 0.0046824 -0.0109466 -0.0016382 -0.0520060 0.0655084 -0.0139395 -0.0210756 -0.0274588 -0.0271271 0.0674269 -0.0579512 0.0072386 0.0519336 0.0661344 0.0740008 0.0638293 0.0561796 0.0721496 0.0884222 0.7517760 0.0826510 0.0666080 0.0647270 -0.0048188 0.0584699 0.0673987 0.0783300 0.0548197 0.0599631 -0.0301424 0.0643695 0.0751126 0.0683762 -0.0404657 -0.0442631 0.0622535 0.0743589 0.0532999 -0.0268853 -0.2455177 -0.2540348 -0.2027135 -0.1986348 -0.1541988 -0.1815665 -0.2438175 -0.2105291 -0.1691142 -0.0070677 -0.2291803 -0.1277685 -0.1573081 -0.0835105 -0.0670892 -0.1684989 -0.0971565 -0.0871462 0.0628519 0.0728958 0.0755115 0.0657846 0.0693162 0.0643672 0.0644142 0.0652719 -0.0223260 0.0583559 -0.0514340
0.0521915 -0.0046435 -0.0406414 -0.0083621 -0.0017050 -0.0062550 -0.0520866 0.0515663 -0.0134258 -0.0315209 -0.0326978 -0.0526160 0.0518963 -0.0684613 -0.0098712 0.0623642 0.0593170 0.0762333 0.0841671 0.0297032 0.0571861 0.0831108 0.0826510 0.7930039 0.0721099 0.0844278 -0.0050052 0.0832898 0.0602017 0.0730426 0.0597394 0.0659409 -0.0260096 0.0800851 0.0634444 0.0719104 -0.0554927 -0.0475335 0.0879232 0.0842057 0.0534758 -0.0349759 -0.2335420 -0.2377164 -0.1900316 -0.1818814 -0.1334170 -0.1658564 -0.2266817 -0.1913081 -0.1658585 -0.0185822 -0.2045276 -0.1179342 -0.1543861 -0.0705743 -0.0455059 -0.1557084 -0.0942018 -0.0940124 0.0622244 0.0791516 0.0779374 0.0708099 0.0578818 0.0443328 0.0594416 0.0687927 -0.0245940 0.0565322 -0.0559166
0.0892555 -0.0287225 -0.0681130 -0.0310260 -0.0217233 -0.0164553 -0.0751478 0.0477489 -0.0284060 -0.0379138 -0.0460907 -0.0725108 0.0519199 -0.0804892 -0.0241483 0.0679340 0.0869935 0.1107429 0.0786982 0.0334449 0.0604727 0.0678406 0.0666080 0.0721099 0.7787472 0.0921141 -0.0257204 0.1014377 0.0663103 0.0712347 0.0765534 0.0742355 -0.0388204 0.0911443 0.0629283 0.0966604 -0.0724301 -0.0723006 0.0867902 0.1048331 0.0486189 -0.0480955 -0.2201787 -0.2260012 -0.1889632 -0.1788521 -0.1346426 -0.1618448 -0.2276598 -0.1915880 -0.1476231 -0.0249164 -0.2027477 -0.1300111 -0.1507269 -0.0804423 -0.0705874 -0.1624764 -0.1041342 -0.1016065 0.0874741 0.0887391 0.0958140 0.0686788 0.0678220 0.0614687 0.0752810 0.0749808 -0.0328979 0.0632171 -0.0597372
0.0630605 -0.0213626 -0.0737996 -0.0267071 -0.0314773 -0.0135872 -0.0712296 0.0562170 -0.0233436 -0.0504579 -0.0481280 -0.0733039 0.0700060 -0.0848712 -0.0128246 0.0714727 0.0844579 0.0958122 0.0833556 0.0447676 0.0516825 0.0702050 0.0647270 0.0844278 0.0921141 0.8255511 -0.0151479 0.0947467 0.0807750 0.0801334 0.0626966 0.0802405 -0.0428089 0.0966704 0.0753658 0.0890760 -0.0607587 -0.0753390 0.0763215 0.1035522 0.0471459 -0.0544572 -0.2257471 -0.2366506 -0.1859668 -0.1826278 -0.1296843 -0.1626222 -0.2310778 -0.1924879 -0.1569499 -0.0159197 -0.2038485 -0.1222422 -0.1442212 -0.0779308 -0.0621931 -0.1531295 -0.1014160 -0.1134772 0.0809828 0.0859676 0.0915409 0.0749543 0.0744756 0.0712047 0.0724379 0.0757284 -0.0281981 0.0655594 -0.0573096
-0.0131757 0.0373149 0.0706932 0.0535586 0.0455371 0.0100487 0.0168064 -0.0200242 0.0515467 0.0490439 0.0465912 0.0762201 -0.0112169 0.0449965 0.0287439 -0.0187848 -0.0104152 -0.0238438 -0.0033484 -0.0008766 -0.0133655 -0.0153975 -0.0048188 -0.0050052 -0.0257204 -0.0151479 0.8394338 -0.0330473 -0.0214538 -0.0271897 -0.0218281 -0.0291885 0.0580925 -0.0185245 -0.0237996 -0.0249826 0.0768957 0.0717907 -0.0207617 -0.0279224 -0.0180806 0.0318580 -0.1518273 -0.1363935 -0.0962025 -0.1045840 -0.0527020 -0.0974413 -0.1126574 -0.1056996 -0.0943284 0.0247335 -0.1105638 -0.0192871 -0.0756263 -0.0327457 0.0181310 -0.0722317 0.0246169 0.0241224 -0.0284294 -0.0154776 -0.0164960 -0.0166620 -0.0224966 -0.0102479 -0.0167119 -0.0174321 0.0408428 -0.0173777 -0.0014859
0.0872474 -0.0358910 -0.0823081 -0.0377874 -0.0424870 -0.0282772 -0.0865388 0.0508475 -0.0451550 -0.0612592 -0.0575326 -0.0741101 0.0689982 -0.0903391 -0.0303666 0.0733080 0.0893546 0.1071505 0.0907521 0.0367887 0.0678828 0.0823106 0.0584699 0.0832898 0.1014377 0.0947467 -0.0330473 0.8838056 0.0774674 0.0854187 0.0858976 0.0978921 -0.0618047 0.1073989 0.0870949 0.1008552 -0.0806474 -0.0779379 0.0887936 0.1118827 0.0588798 -0.0468426 -0.1970164 -0.2123666 -0.1700628 -0.1680338 -0.1258865 -0.1555673 -0.2002502 -0.1820150 -0.1458362 -0.0258565 -0.1992684 -0.1192550 -0.1477430 -0.0811938 -0.0731070 -0.1377839 -0.1045018 -0.1121115 0.0964747 0.1008095 0.1155998 0.0933599 0.0835700 0.0642228 0.0730136 0.0835755 -0.0364389 0.0667151 -0.0579840
0.0493845 -0.0276891 -0.0663813 -0.0136123 -0.0329761 -0.0169315 -0.0465949 0.0509304 -0.0165427 -0.0322880 -0.0439528 -0.0534043 0.0688761 -0.0816355 -0.0338822 0.0570373 0.0722837 0.0758795 0.0614247 0.0622867 0.0543421 0.0789101 0.0673987 0.0602017 0.0663103 0.0807750 -0.0214538 0.0774674 0.7261531 0.0901274 0.0632766 0.0909460 -0.0488936 0.0812415 0.0987832 0.0786026 -0.0595857 -0.0547052 0.0654916 0.0786971 0.0467376 -0.0248588 -0.2366627 -0.2444419 -0.1927802 -0.1876404 -0.1486002 -0.1710436 -0.2358652 -0.1994943 -0.1606315 -0.0062179 -0.2191213 -0.1233554 -0.1599151 -0.0745380 -0.0641797 -0.1629641 -0.1025723 -0.0933083 0.0908822 0.0819612 0.0846102 0.0699744 0.0934849 0.1001917 0.0837292 0.0802492 -0.0253573 0.0725348 -0.0586366
0.0502110 -0.0311353 -0.0722809 -0.0135604 -0.0249938 -0.0151258 -0.0580448 0.0623936 -0.0145275 -0.0404871 -0.0516018 -0.0650376 0.0577933 -0.0853944 -0.0167893 0.0587946 0.0722869 0.0796921 0.0741483 0.0348013 0.0526471 0.0746290 0.0783300 0.0730426 0.0712347 0.0801334 -0.0271897 0.0854187 0.0901274 0.7458229 0.0640204 0.0796549 -0.0392057 0.0919994 0.0887434 0.0914782 -0.0580966 -0.0675657 0.0774209 0.0983636 0.0560469 -0.0418618 -0.2317520 -0.2343847 -0.1888332 -0.1919207 -0.1388762 -0.1591991 -0.2327082 -0.2021698 -0.1486960 -0.0038433 -0.2165499 -0.1120124 -0.1434744 -0.0787537 -0.0673115 -0.1688073 -0.0981121 -0.0960803 0.0974348 0.0861473 0.0956371 0.0897879 0.0771033 0.0616280 0.0741687 0.0817409 -0.0352071 0.0631208 -0.0625499
0.1020241 -0.0249712 -0.0405600 -0.0080094 -0.0028188 -0.0292813 -0.0714342 0.1021573 -0.0357284 -0.0420654 -0.0104327 -0.0255908 0.0655231 -0.0298593 -0.0258938 0.0901780 0.0706469 0.0845257 0.0686556 0.0760579 0.0955537 0.0489989 0.0548197 0.0597394 0.0765534 0.0626966 -0.0218281 0.0858976 0.0632766 0.0640204 0.8586467 0.0614513 -0.0350206 0.0756535 0.0690815 0.0742881 -0.0210434 -0.0348131 0.0652680 0.0810157 0.1054948 -0.0101734 -0.2515484 -0.2547634 -0.2131019 -0.2040395 -0.1567126 -0.1828851 -0.2485718 -0.2059692 -0.1684761 0.0006988 -0.2241586 -0.1317499 -0.1676753 -0.0854750 -0.0656669 -0.1732444 -0.0740818 -0.0746548 0.0602182 0.0696473 0.0781772 0.0749697 0.0571069 0.0720208 0.0568926 0.0685959 -0.0288849 0.0567958 -0.0597968
0.0485117 -0.0327145 -0.0829869 -0.0266005 -0.0290970 -0.0248752 -0.0651914 0.0411747 -0.0390155 -0.0506837 -0.0470463 -0.0670581 0.0640427 -0.0809528 -0.0287430 0.0757416 0.0673468 0.0925110 0.0760707 0.0343829 0.0498365 0.0732399 0.0599631 0.0659409 0.0742355 0.0802405 -0.0291885 0.0978921 0.0909460 0.0796549 0.0614513 0.8438302 -0.0493572 0.0988801 0.0857536 0.0974543 -0.0696034 -0.0743407 0.0990800 0.0910174 0.0503114 -0.0401484 -0.2105146 -0.2242685 -0.1752439 -0.1751625 -0.1390676 -0.1664910 -0.2217562 -0.1828218 -0.1479698 -0.0164197 -0.1969271 -0.1161612 -0.1440295 -0.0647410 -0.0687442 -0.1417170 -0.0939372 -0.0984577 0.1007261 0.0791909 0.0970206 0.0800956 0.0831023 0.0525498 0.0698049 0.0830688 -0.0289633 0.0750705 -0.0546467
-0.0374733 0.0613854 0.1173680 0.0768707 0.0634732 0.0204519 0.0612634 -0.0331441 0.0835215 0.0622105 0.0762717 0.0870569 -0.0371892 0.0731200 0.0430476 -0.0359103 -0.0420032 -0.0542023 -0.0355945 -0.0149220 -0.0317090 -0.0454763 -0.0301424 -0.0260096 -0.0388204 -0.0428089 0.0580925 -0.0618047 -0.0488936 -0.0392057 -0.0350206 -0.0493572 0.9767850 -0.0458400 -0.0543264 -0.0417016 0.1180105 0.1004220 -0.0505464 -0.0544661 -0.0199898 0.0554209 -0.1148888 -0.0988684 -0.0718886 -0.0757614 -0.0220439 -0.0678774 -0.0743238 -0.0460128 -0.0534175 0.0359515 -0.0748041 0.0311946 -0.0269407 -0.0026204 0.0187038 -0.0483243 0.0499724 0.1141686 -0.0415804 -0.0543185 -0.0568304 -0.0497577 -0.0428861 -0.0301520 -0.0411453 -0.0485033 0.0433166 -0.0426431 0.0051301
0.0747214 -0.0264703 -0.0775614 -0.0181000 -0.0293135 -0.0226698 -0.0778206 0.0694782 -0.0318713 -0.0562460 -0.0512737 -0.0709428 0.0661067 -0.0918298 -0.0117663 0.0776520 0.0852845 0.1041606 0.0713238 0.0417912 0.0477164 0.0695070 0.0643695 0.0800851 0.0911443 0.0966704 -0.0185245 0.1073989 0.0812415 0.0919994 0.0756535 0.0988801 -0.0458400 0.8239498 0.0819356 0.1077057 -0.0683117 -0.0667360 0.0943350 0.1093137 0.0564224 -0.0392439 -0.2385828 -0.2467133 -0.1998080 -0.1919734 -0.1453520 -0.1738552 -0.2372043 -0.2097407 -0.1668174 -0.0190812 -0.2183542 -0.1253714 -0.1590571 -0.0804967 -0.0594996 -0.1629792 -0.1043619 -0.1110812 0.0998216 0.0905752 0.1077880 0.0884608 0.0750850 0.0711738 0.0817604 0.0761979 -0.0427844 0.0619389 -0.0615585
0.0446786 -0.0179815 -0.0694715 -0.0361727 -0.0235086 -0.0195706 -0.0822050 0.0572356 -0.0348646 -0.0567307 -0.0524781 -0.0556973 0.0558713 -0.0939830 -0.0353338 0.0565788 0.0651012 0.0896226 0.0589779 0.0446803 0.0678599 0.0818728 0.0751126 0.0634444 0.0629283 0.0753658 -0.0237996 0.0870949 0.0987832 0.0887434 0.0690815 0.0857536 -0.0543264 0.0819356 0.8597482 0.0768525 -0.0720347 -0.0712335 0.0884588 0.0922091 0.0667269 -0.0571587 -0.2219855 -0.2304322 -0.1823522 -0.1727020 -0.1402498 -0.1653643 -0.2262085 -0.1901890 -0.1465609 -0.0201135 -0.2103184 -0.1228094 -0.1505615 -0.0636234 -0.0664589 -0.1618312 -0.1035499 -0.0989102 0.0913390 0.0977988 0.1063385 0.0894395 0.0870557 0.0852831 0.0761122 0.0994496 -0.0179405 0.0722240 -0.0583568
0.0713884 -0.0260254 -0.0775743 -0.0268990 -0.0289121 -0.0190924 -0.0705658 0.0701232 -0.0305576 -0.0424442 -0.0458573 -0.0721110 0.0743596 -0.0810638 -0.0157077 0.0767803 0.0835132 0.1009444 0.0948740 0.0399677 0.0614116 0.0729929 0.0683762 0.0719104 0.0966604 0.0890760 -0.0249826 0.1008552 0.0786026 0.0914782 0.0742881 0.0974543 -0.0417016 0.1077057 0.0768525 0.8484016 -0.0668217 -0.0732239 0.0873753 0.1051526 0.0661858 -0.0477560 -0.2306311 -0.2361940 -0.1988875 -0.1894073 -0.1441514 -0.1697413 -0.2328175 -0.1998024 -0.1574529 -0.0114947 -0.2184694 -0.1340230 -0.1499598 -0.0795433 -0.0646736 -0.1675444 -0.0986550 -0.1091295 0.1009418 0.0826652 0.0979887 0.0853411 0.0745296 0.0664535 0.0736106 0.0863605 -0.0318335 0.0648995 -0.0574672
-0.0259143 0.0545682 0.1784031 0.1050974 0.0852087 -0.0011534 0.0554244 -0.0075551 0.0748747 0.0817647 0.1087885 0.1788092 -0.0358450 0.1264297 0.0395035 -0.0174520 -0.0536204 -0.0662299 -0.0507271 0.0072127 -0.0090538 -0.0519400 -0.0404657 -0.0554927 -0.0724301 -0.0607587 0.0768957 -0.0806474 -0.0595857 -0.0580966 -0.0210434 -0.0696034 0.1180105 -0.0683117 -0.0720347 -0.0668217 0.9643824 0.1888715 -0.0736031 -0.0819609 0.0006133 0.1055791 -0.1937905 -0.1589919 -0.1151116 -0.1261528 -0.0572734 -0.1124810 -0.1325519 -0.1005930 -0.1089513 0.0648859 -0.1313403 -0.0062958 -0.0716931 -0.0236144 0.0089727 -0.0726921 0.0780703 0.1218766 -0.0623413 -0.0730367 -0.0685846 -0.0736395 -0.0496812 -0.0408721 -0.0538289 -0.0729944 0.0476676 -0.0512992 -0.0036601
-0.0370718 0.0589938 0.1763350 0.0885760 0.0903440 -0.0004444 0.0520761 -0.0270924 0.0710429 0.0984217 0.1237196 0.1658453 -0.0505890 0.1306009 0.0536300 -0.0273776 -0.0676057 -0.0768294 -0.0528560 -0.0095239 -0.0201265 -0.0670662 -0.0442631 -0.0475335 -0.0723006 -0.0753390 0.0717907 -0.0779379 -0.0547052 -0.0675657 -0.0348131 -0.0743407 0.1004220 -0.0667360 -0.0712335 -0.0732239 0.1888715 1.0098746 -0.0679803 -0.0836042 -0.0162513 0.0930677 -0.1522059 -0.1128295 -0.0795995 -0.1019160 -0.0196724 -0.0852523 -0.0884359 -0.0602981 -0.0930466 0.0556094 -0.1035475 0.0095778 -0.0353396 -0.0179132 0.0292447 -0.0406350 0.0803115 0.1110662 -0.0718057 -0.0813417 -0.0869466 -0.0743296 -0.0662864 -0.0563001 -0.0611913 -0.0684964 0.0610797 -0.0677651 0.0088976
0.0432963 -0.0140398 -0.0724734 -0.0299166 -0.0268860 -0.0153797 -0.0749410 0.0528482 -0.0348893 -0.0428776 -0.0478504 -0.0643178 0.0537703 -0.0850635 -0.0234040 0.0609071 0.0600309 0.0858876 0.0801891 0.0431651 0.0672950 0.0781530 0.0622535 0.0879232 0.0867902 0.0763215 -0.0207617 0.0887936 0.0654916 0.0774209 0.0652680 0.0990800 -0.0505464 0.0943350 0.0884588 0.0873753 -0.0736031 -0.0679803 0.8195310 0.0996896 0.0637221 -0.0374948 -0.2061231 -0.2252781 -0.1821262 -0.1808897 -0.1406517 -0.1590708 -0.2222338 -0.1833493 -0.1485863 -0.0304537 -0.1981615 -0.1373712 -0.1523823 -0.0825928 -0.0647519 -0.1519752 -0.1020040 -0.1091967 0.0823446 0.1025010 0.0959786 0.0817190 0.0799804 0.0747391 0.0831655 0.0857230 -0.0334183 0.0759658 -0.0563570
0.0780120 -0.0320508 -0.0825957 -0.0354424 -0.0354192 -0.0269744 -0.0840500 0.0657650 -0.0440525 -0.0589231 -0.0538024 -0.0801483 0.0660194 -0.0995869 -0.0254422 0.0796125 0.0982872 0.1097191 0.0982496 0.0438121 0.0701220 0.0804137 0.0743589 0.0842057 0.1048331 0.1035522 -0.0279224 0.1118827 0.0786971 0.0983636 0.0810157 0.0910174 -0.0544661 0.1093137 0.0922091 0.1051526 -0.0819609 -0.0836042 0.0996896 0.8998399 0.0687222 -0.0534884 -0.2071853 -0.2232389 -0.1787494 -0.1721349 -0.1324656 -0.1554097 -0.2148014 -0.1858611 -0.1413713 -0.0247475 -0.1916016 -0.1246853 -0.1483462 -0.0815432 -0.0688487 -0.1523006 -0.1026454 -0.1209164 0.1011799 0.1063476 0.1108983 0.0894088 0.0817711 0.0824651 0.0811184 0.0918873 -0.0376821 0.0809141 -0.0571793
0.0895159 -0.0372532 -0.0249401 0.0193646 0.0049616 -0.0327667 -0.0617808 0.1144053 -0.0301119 -0.0275493 0.0001693 -0.0060296 0.0738361 -0.0125282 -0.0269362 0.0879991 0.0561769 0.0545961 0.0567966 0.0939514 0.0896037 0.0574740 0.0532999 0.0534758 0.0486189 0.0471459 -0.0180806 0.0588798 0.0467376 0.0560469 0.1054948 0.0503114 -0.0199898 0.0564224 0.0667269 0.0661858 0.0006133 -0.0162513 0.0637221 0.0687222 0.9069451 0.0047952 -0.2553180 -0.2638494 -0.2123992 -0.2168725 -0.1619355 -0.1937579 -0.2530507 -0.2194969 -0.1730507 0.0066678 -0.2272994 -0.1411144 -0.1733186 -0.0932791 -0.0581832 -0.1763144 -0.0556469 -0.0579275 0.0475463 0.0573307 0.0648145 0.0480039 0.0423150 0.0517255 0.0635195 0.0516920 -0.0230061 0.0525132 -0.0616394
-0.0218170 0.0239057 0.0762133 0.0607434 0.0471919 0.0114114 0.0464045 -0.0011473 0.0399323 0.0523187 0.0719477 0.0805954 -0.0329798 0.0779398 0.0183701 -0.0207317 -0.0486257 -0.0499422 -0.0503212 0.0130978 -0.0076350 -0.0330785 -0.0268853 -0.0349759 -0.0480955 -0.0544572 0.0318580 -0.0468426 -0.0248588 -0.0418618 -0.0101734 -0.0401484 0.0554209 -0.0392439 -0.0571587 -0.0477560 0.1055791 0.0930677 -0.0374948 -0.0534884 0.0047952 0.8684729 -0.1290885 -0.1104033 -0.0855757 -0.0812350 -0.0566092 -0.0883850 -0.0975040 -0.0626599 -0.0739115 0.0439346 -0.0949854 -0.0236783 -0.0529618 -0.0194907 0.0011017 -0.0522106 0.0514472 0.0749627 -0.0368202 -0.0522188 -0.0449483 -0.0425271 -0.0236944 -0.0300022 -0.0210813 -0.0431445 0.0351392 -0.0148343 0.0012359
-0.2548679 -0.1421777 -0.1559275 -0.2161254 -0.2130374 -0.0603176 0.0112216 -0.2756827 -0.1539943 -0.1178273 -0.1592447 -0.1957776 -0.2315392 -0.0762322 -0.0981875 -0.2662155 -0.2219645 -0.2216827 -0.2273710 -0.2584336 -0.2627078 -0.2465082 -0.2455177 -0.2335420 -0.2201787 -0.2257471 -0.1518273 -0.1970164 -0.2366627 -0.2317520 -0.2515484 -0.2105146 -0.1148888 -0.2385828 -0.2219855 -0.2306311 -0.1937905 -0.1522059 -0.2061231 -0.2071853 -0.2553180 -0.1290885 2.4563591 1.4478190 1.1158547 1.0563629 0.6469730 1.0199600 1.3106203 1.0728419 0.9136673 -0.1456913 1.2386414 0.4210803 0.7727472 0.2777640 0.1158229 0.8297755 0.1201124 0.0400741 -0.2403729 -0.2048952 -0.2180182 -0.2090012 -0.2216216 -0.2190191 -0.2161153 -0.1916100 -0.0914252 -0.1918062 0.1990867
-0.2586587 -0.1225491 -0.1228813 -0.2029224 -0.1917962 -0.0564535 0.0354506 -0.2857800 -0.1371161 -0.0982245 -0.1304045 -0.1702956 -0.2364764 -0.0488881 -0.0817370 -0.2656598 -0.2302116 -0.2363564 -0.2368551 -0.2647787 -0.2723878 -0.2489440 -0.2540348 -0.2377164 -0.2260012 -0.2366506 -0.1363935 -0.2123666 -0.2444419 -0.2343847 -0.2547634 -0.2242685 -0.0988684 -0.2467133 -0.2304322 -0.2361940 -0.1589919 -0.1128295 -0.2252781 -0.2232389 -0.2638494 -0.1104033 1.4478190 2.3776300 1.0757366 1.0331738 0.6662015 0.9754890 1.2688028 1.0551435 0.8852643 -0.1390511 1.1937377 0.4288685 0.7616435 0.2909087 0.1537270 0.8188592 0.1597730 0.0668338 -0.2530986 -0.2207365 -0.2352132 -0.2162351 -0.2289595 -0.2234899 -0.2306799 -0.2104176 -0.0724918 -0.2077932 0.2003750
-0.2058740 -0.0981292 -0.0915062 -0.1480542 -0.1450167 -0.0518318 0.0218109 -0.2269149 -0.1058609 -0.0897237 -0.1032738 -0.1286489 -0.1851272 -0.0540628 -0.0653519 -0.2155073 -0.1894197 -0.1886660 -0.1955189 -0.2054701 -0.2128768 -0.1975084 -0.2027135 -0.1900316 -0.1889632 -0.1859668 -0.0962025 -0.1700628 -0.1927802 -0.1888332 -0.2131019 -0.1752439 -0.0718886 -0.1998080 -0.1823522 -0.1988875 -0.1151116 -0.0795995 -0.1821262 -0.1787494 -0.2123992 -0.0855757 1.1158547 1.0757366 1.8545259 0.8307968 0.5490189 0.7800546 0.9970424 0.8055588 0.6584364 -0.0998398 0.8952186 0.3604173 0.5826833 0.2238363 0.1048121 0.6272536 0.1307354 0.0518488 -0.2016782 -0.1772449 -0.1917721 -0.1723600 -0.1831608 -0.1832653 -0.1857506 -0.1667775 -0.0482525 -0.1615462 0.1536805
-0.2118457 -0.0897257 -0.0999437 -0.1489137 -0.1387856 -0.0149991 0.0381635 -0.2191827 -0.1113935 -0.0863668 -0.0916344 -0.1327872 -0.1909471 -0.0412616 -0.0590413 -0.2162068 -0.1877996 -0.1906506 -0.1867754 -0.2105801 -0.2211293 -0.1923874 -0.1986348 -0.1818814 -0.1788521 -0.1826278 -0.1045840 -0.1680338 -0.1876404 -0.1919207 -0.2040395 -0.1751625 -0.0757614 -0.1919734 -0.1727020 -0.1894073 -0.1261528 -0.1019160 -0.1808897 -0.1721349 -0.2168725 -0.0812350 1.0563629 1.0331738 0.8307968 1.7719454 0.5325757 0.7195199 0.9700993 0.7621946 0.6330001 -0.0909952 0.8552498 0.3551235 0.5470470 0.2352580 0.1155759 0.6271883 0.1511499 0.0635567 -0.1993570 -0.1718506 -0.1869984 -0.1649097 -0.1771391 -0.1757145 -0.1873421 -0.1624208 -0.0483201 -0.1644665 0.1521090
-0.1515280 -0.0375047 -0.0262692 -0.0921331 -0.0778508 -0.0104243 0.0216617 -0.1748724 -0.0454966 -0.0420440 -0.0542273 -0.0721734 -0.1480230 -0.0160923 -0.0150912 -0.1575295 -0.1465153 -0.1491382 -0.1430416 -0.1550056 -0.1784984 -0.1589057 -0.1541988 -0.1334170 -0.1346426 -0.1296843 -0.0527020 -0.1258865 -0.1486002 -0.1388762 -0.1567126 -0.1390676 -0.0220439 -0.1453520 -0.1402498 -0.1441514 -0.0572734 -0.0196724 -0.1406517 -0.1324656 -0.1619355 -0.0566092 0.6469730 0.6662015 0.5490189 0.5325757 1.3829284 0.4905218 0.6121587 0.5051041 0.4150508 -0.0367781 0.5496104 0.2777702 0.3477689 0.1570205 0.1168702 0.4167995 0.1464866 0.0603379 -0.1539649 -0.1360857 -0.1505773 -0.1297360 -0.1461620 -0.1356886 -0.1462531 -0.1289309 -0.0111937 -0.1343612 0.1109536
-0.1842230 -0.0694726 -0.0939343 -0.1457573 -0.1184587 -0.0436623 -0.0014220 -0.2009613 -0.0929133 -0.0866659 -0.0983587 -0.1289605 -0.1664286 -0.0578954 -0.0549632 -0.1994880 -0.1645646 -0.1704658 -0.1724551 -0.1894446 -0.1937010 -0.1767882 -0.1815665 -0.1658564 -0.1618448 -0.1626222 -0.0974413 -0.1555673 -0.1710436 -0.1591991 -0.1828851 -0.1664910 -0.0678774 -0.1738552 -0.1653643 -0.1697413 -0.1124810 -0.0852523 -0.1590708 -0.1554097 -0.1937579 -0.0883850 1.0199600 0.9754890 0.7800546 0.7195199 0.4905218 1.7652544 0.8893542 0.7397625 0.6131423 -0.0885901 0.8279561 0.3096944 0.5055726 0.2143881 0.1073311 0.5836358 0.1034803 0.0264337 -0.1850651 -0.1644852 -0.1727892 -0.1601755 -0.1617940 -0.1491859 -0.1633000 -0.1457883 -0.0479739 -0.1456131 0.1373596
-0.2432606 -0.1072061 -0.1033300 -0.1788628 -0.1624225 -0.0507737 0.0537346 -0.2670273 -0.1126578 -0.0854243 -0.1096053 -0.1415601 -0.2231162 -0.0231185 -0.0644628 -0.2540188 -0.2171163 -0.2323462 -0.2211291 -0.2494334 -0.2607794 -0.2420115 -0.2438175 -0.2266817 -0.2276598 -0.2310778 -0.1126574 -0.2002502 -0.2358652 -0.2327082 -0.2485718 -0.2217562 -0.0743238 -0.2372043 -0.2262085 -0.2328175 -0.1325519 -0.0884359 -0.2222338 -0.2148014 -0.2530507 -0.0975040 1.3106203 1.2688028 0.9970424 0.9700993 0.6121587 0.8893542 2.1737309 0.9900832 0.8146472 -0.1103337 1.0847011 0.4118488 0.7123450 0.2768957 0.1450544 0.7696666 0.1588723 0.0725350 -0.2388602 -0.2111553 -0.2302133 -0.2148658 -0.2234415 -0.2182571 -0.2250286 -0.2056398 -0.0534416 -0.2047136 0.1964708
-0.2056224 -0.0882161 -0.0724042 -0.1591021 -0.1273365 -0.0230175 0.0457614 -0.2251553 -0.0949543 -0.0686317 -0.0785235 -0.1184424 -0.1955905 -0.0145109 -0.0535202 -0.2149996 -0.1912661 -0.2005934 -0.1937517 -0.2101786 -0.2131254 -0.2106826 -0.2105291 -0.1913081 -0.1915880 -0.1924879 -0.1056996 -0.1820150 -0.1994943 -0.2021698 -0.2059692 -0.1828218 -0.0460128 -0.2097407 -0.1901890 -0.1998024 -0.1005930 -0.0602981 -0.1833493 -0.1858611 -0.2194969 -0.0626599 1.0728419 1.0551435 0.8055588 0.7621946 0.5051041 0.7397625 0.9900832 1.8158984 0.6517115 -0.0945216 0.9009703 0.3580736 0.6177955 0.2444067 0.1306627 0.6564197 0.1323200 0.0741642 -0.2023624 -0.1879821 -0.2019418 -0.1894207 -0.1985467 -0.1860902 -0.2012010 -0.1727923 -0.0417570 -0.1725216 0.1618463
-0.1698420 -0.0815924 -0.0855712 -0.1208769 -0.1292635 -0.0456922 0.0219835 -0.1856633 -0.0857908 -0.0779427 -0.0962868 -0.1231907 -0.1542396 -0.0473838 -0.0707872 -0.1805019 -0.1566422 -0.1634281 -0.1559730 -0.1730374 -0.1702341 -0.1568081 -0.1691142 -0.1658585 -0.1476231 -0.1569499 -0.0943284 -0.1458362 -0.1606315 -0.1486960 -0.1684761 -0.1479698 -0.0534175 -0.1668174 -0.1465609 -0.1574529 -0.1089513 -0.0930466 -0.1485863 -0.1413713 -0.1730507 -0.0739115 0.9136673 0.8852643 0.6584364 0.6330001 0.4150508 0.6131423 0.8146472 0.6517115 1.6011688 -0.0954968 0.7815645 0.2865667 0.4668872 0.1794843 0.0926424 0.4693729 0.1188487 0.0857072 -0.1659231 -0.1483153 -0.1542432 -0.1379825 -0.1418062 -0.1337119 -0.1551014 -0.1332256 -0.0520117 -0.1295214 0.1317553
-0.0151928 0.0197743 0.0406451 0.0357569 0.0406723 0.0165601 -0.0053245 -0.0048566 0.0122852 0.0192197 0.0378252 0.0485071 -0.0208005 0.0312439 0.0171305 0.0005526 -0.0142956 -0.0222688 -0.0099587 0.0118233 -0.0206274 -0.0179231 -0.0070677 -0.0185822 -0.0249164 -0.0159197 0.0247335 -0.0258565 -0.0062179 -0.0038433 0.0006988 -0.0164197 0.0359515 -0.0190812 -0.0201135 -0.0114947 0.0648859 0.0556094 -0.0304537 -0.0247475 0.0066678 0.0439346 -0.1456913 -0.1390511 -0.0998398 -0.0909952 -0.0367781 -0.0885901 -0.1103337 -0.0945216 -0.0954968 0.7672103 -0.1253619 0.0014196 -0.0556760 0.0081963 0.0182725 -0.0479818 0.0413788 0.0417950 -0.0080292 -0.0205027 -0.0200043 -0.0150901 -0.0164679 -0.0156988 -0.0215381 -0.0189232 0.0126504 -0.0175544 -0.0074833
-0.2222384 -0.0955043 -0.1005251 -0.1615461 -0.1558682 -0.0403126 0.0570272 -0.2489115 -0.1128884 -0.0700518 -0.1015974 -0.1503567 -0.2108694 -0.0199930 -0.0652053 -0.2317551 -0.2023900 -0.2093891 -0.2031731 -0.2268874 -0.2349837 -0.2267029 -0.2291803 -0.2045276 -0.2027477 -0.2038485 -0.1105638 -0.1992684 -0.2191213 -0.2165499 -0.2241586 -0.1969271 -0.0748041 -0.2183542 -0.2103184 -0.2184694 -0.1313403 -0.1035475 -0.1981615 -0.1916016 -0.2272994 -0.0949854 1.2386414 1.1937377 0.8952186 0.8552498 0.5496104 0.8279561 1.0847011 0.9009703 0.7815645 -0.1253619 2.0638871 0.3705052 0.6711684 0.2586032 0.1335144 0.6772090 0.1453017 0.0834442 -0.2257595 -0.1942188 -0.2094913 -0.1998627 -0.2051700 -0.1995141 -0.1974528 -0.1941268 -0.0755177 -0.1856819 0.1871262
