1:	0.2426 0.0273 0.0327 0.3689 0.2018 0.1266 	29
2:	0.3559 0.0435 0.0678 0.1074 0.2695 0.1559 	30
3:	0.3713 0.0380 0.3298 0.0174 0.2233 0.0201 	30
4:	0.1742 0.1641 0.3036 0.0948 0.2054 0.0579 	22
5:	0.2410 0.0262 0.4564 0.0296 0.1949 0.0520 	30
6:	0.1008 0.1083 0.0698 0.4545 0.2143 0.0523 	29
7:	0.2457 0.0770 0.3790 0.1705 0.0916 0.0362 	30
8:	0.0243 0.0000 0.0437 0.7411 0.0000 0.1908 	1
9:	0.2537 0.0061 0.3184 0.0784 0.2775 0.0659 	30
10:	0.3996 0.0200 0.0332 0.0441 0.1886 0.3146 	30
11:	0.2693 0.0800 0.0568 0.1606 0.1406 0.2927 	30
12:	0.0787 0.6145 0.1683 0.0000 0.0209 0.1175 	30
13:	0.3220 0.0404 0.0466 0.0526 0.3180 0.2203 	30
