1.0000 0.6996 0.7714 0.7745 0.7745 0.6442 0.6834 0.6351 0.7322 0.6696 0.7995 0.7112 0.7024 0.7111 0.7529 0.6405 0.7532 0.6396 0.6947 0.6855
0.6996 1.0000 0.7080 0.7907 0.7907 0.7448 0.6859 0.7280 0.6895 0.6872 0.7360 0.6926 0.9808 0.7198 0.6856 0.7901 0.8104 0.7851 0.6745 0.6727
0.7714 0.7080 1.0000 0.7781 0.7781 0.6413 0.6532 0.6444 0.6855 0.6701 0.7085 0.6821 0.7139 0.7408 0.7057 0.6384 0.7627 0.6328 0.6515 0.7631
0.7745 0.7907 0.7781 1.0000 1.0000 0.6862 0.7501 0.6895 0.7535 0.7343 0.8194 0.7362 0.7960 0.6900 0.7856 0.6958 0.7318 0.6915 0.7204 0.7524
0.7745 0.7907 0.7781 1.0000 1.0000 0.6862 0.7501 0.6895 0.7535 0.7343 0.8194 0.7362 0.7960 0.6900 0.7856 0.6958 0.7318 0.6915 0.7204 0.7524
0.6442 0.7448 0.6413 0.6862 0.6862 1.0000 0.6245 0.6704 0.6679 0.6859 0.6528 0.6324 0.7456 0.6610 0.6922 0.7372 0.7240 0.7387 0.6837 0.7037
0.6834 0.6859 0.6532 0.7501 0.7501 0.6245 1.0000 0.6398 0.7053 0.6766 0.7430 0.6570 0.6866 0.5995 0.7100 0.6492 0.6279 0.6448 0.6652 0.6681
0.6351 0.7280 0.6444 0.6895 0.6895 0.6704 0.6398 1.0000 0.6713 0.6483 0.6685 0.6314 0.7300 0.6511 0.6377 0.8158 0.6855 0.8084 0.6289 0.6482
0.7322 0.6895 0.6855 0.7535 0.7535 0.6679 0.7053 0.6713 1.0000 0.6699 0.7976 0.6527 0.6915 0.6478 0.7218 0.6757 0.6633 0.6786 0.6740 0.6980
0.6696 0.6872 0.6701 0.7343 0.7343 0.6859 0.6766 0.6483 0.6699 1.0000 0.6858 0.7143 0.6893 0.6057 0.7537 0.6485 0.6530 0.6421 0.8717 0.7339
0.7995 0.7360 0.7085 0.8194 0.8194 0.6528 0.7430 0.6685 0.7976 0.6858 1.0000 0.7118 0.7378 0.6674 0.7554 0.6705 0.6931 0.6715 0.7056 0.6850
0.7112 0.6926 0.6821 0.7362 0.7362 0.6324 0.6570 0.6314 0.6527 0.7143 0.7118 1.0000 0.6974 0.6524 0.7568 0.6214 0.6795 0.6157 0.7465 0.6722
0.7024 0.9808 0.7139 0.7960 0.7960 0.7456 0.6866 0.7300 0.6915 0.6893 0.7378 0.6974 1.0000 0.7250 0.6894 0.7865 0.8145 0.7811 0.6767 0.6770
0.7111 0.7198 0.7408 0.6900 0.6900 0.6610 0.5995 0.6511 0.6478 0.6057 0.6674 0.6524 0.7250 1.0000 0.6407 0.6601 0.8281 0.6609 0.6054 0.6307
0.7529 0.6856 0.7057 0.7856 0.7856 0.6922 0.7100 0.6377 0.7218 0.7537 0.7554 0.7568 0.6894 0.6407 1.0000 0.6503 0.6715 0.6436 0.7768 0.7827
0.6405 0.7901 0.6384 0.6958 0.6958 0.7372 0.6492 0.8158 0.6757 0.6485 0.6705 0.6214 0.7865 0.6601 0.6503 1.0000 0.7259 0.9668 0.6338 0.6547
0.7532 0.8104 0.7627 0.7318 0.7318 0.7240 0.6279 0.6855 0.6633 0.6530 0.6931 0.6795 0.8145 0.8281 0.6715 0.7259 1.0000 0.7239 0.6506 0.6637
0.6396 0.7851 0.6328 0.6915 0.6915 0.7387 0.6448 0.8084 0.6786 0.6421 0.6715 0.6157 0.7811 0.6609 0.6436 0.9668 0.7239 1.0000 0.6287 0.6468
0.6947 0.6745 0.6515 0.7204 0.7204 0.6837 0.6652 0.6289 0.6740 0.8717 0.7056 0.7465 0.6767 0.6054 0.7768 0.6338 0.6506 0.6287 1.0000 0.7067
0.6855 0.6727 0.7631 0.7524 0.7524 0.7037 0.6681 0.6482 0.6980 0.7339 0.6850 0.6722 0.6770 0.6307 0.7827 0.6547 0.6637 0.6468 0.7067 1.0000
