1:	0.2229 0.0087 0.0225 0.4006 0.1966 0.0401 0.0831 0.0254 	29
2:	0.3310 0.0012 0.0736 0.1218 0.2407 0.0799 0.1384 0.0133 	30
3:	0.3186 0.0186 0.3257 0.0070 0.2100 0.0442 0.0187 0.0571 	30
4:	0.1246 0.0133 0.2440 0.0384 0.1124 0.2743 0.0543 0.1387 	22
5:	0.2008 0.0095 0.4596 0.0222 0.1652 0.0350 0.0591 0.0486 	30
6:	0.0768 0.0143 0.0593 0.4081 0.1805 0.1609 0.0403 0.0598 	29
7:	0.1746 0.0137 0.3737 0.1474 0.0653 0.1194 0.0347 0.0713 	30
8:	0.0000 0.0000 0.0000 0.5620 0.0000 0.0326 0.1629 0.2424 	1
9:	0.2382 0.0100 0.2421 0.0281 0.2583 0.0047 0.0599 0.1587 	30
10:	0.4251 0.0042 0.0170 0.0412 0.1973 0.0363 0.2504 0.0284 	30
11:	0.2717 0.0348 0.0291 0.1652 0.1529 0.0957 0.2242 0.0264 	30
12:	0.0433 0.5393 0.1327 0.0010 0.0147 0.1341 0.1262 0.0086 	30
13:	0.3242 0.0220 0.0297 0.0346 0.3575 0.0317 0.1559 0.0445 	30
