1:	0.2557 0.0091 0.0247 0.4245 0.2137 0.0424 0.0299 	29
2:	0.3623 0.0017 0.0887 0.1535 0.2900 0.0875 0.0162 	30
3:	0.3334 0.0184 0.3381 0.0077 0.1919 0.0454 0.0651 	30
4:	0.1320 0.0134 0.2622 0.0390 0.1211 0.2874 0.1450 	22
5:	0.2115 0.0090 0.4757 0.0472 0.1587 0.0363 0.0616 	30
6:	0.1048 0.0146 0.0678 0.4108 0.1701 0.1660 0.0658 	29
7:	0.1999 0.0142 0.3749 0.1396 0.0527 0.1212 0.0976 	30
8:	0.0730 0.0000 0.0000 0.6350 0.0069 0.0274 0.2576 	1
9:	0.2588 0.0099 0.2561 0.0527 0.2489 0.0086 0.1650 	30
10:	0.4626 0.0064 0.0275 0.1179 0.3176 0.0390 0.0291 	30
11:	0.3140 0.0371 0.0396 0.2740 0.2088 0.0990 0.0275 	30
12:	0.0617 0.5545 0.1717 0.0107 0.0501 0.1360 0.0153 	30
13:	0.3558 0.0240 0.0407 0.0542 0.4440 0.0336 0.0476 	30
