1:	0.2085 0.0422 0.4017 0.1745 0.0402 0.0148 0.0426 0.0096 0.0660 	28
2:	0.2935 0.0600 0.1154 0.2471 0.1057 0.0048 0.1053 0.0315 0.0367 	27
3:	0.1957 0.3478 0.0072 0.1353 0.0348 0.0314 0.0728 0.1164 0.0586 	28
4:	0.0590 0.1078 0.0295 0.0976 0.0811 0.1943 0.2262 0.1746 0.0300 	15
5:	0.0750 0.1797 0.0084 0.1224 0.0577 0.0347 0.2356 0.2513 0.0352 	29
6:	0.0538 0.0328 0.3690 0.1832 0.0380 0.0625 0.2083 0.0299 0.0224 	24
7:	0.0734 0.0581 0.0771 0.0540 0.0302 0.0765 0.2774 0.2894 0.0639 	26
8:	0.1384 0.3128 0.0222 0.1580 0.0585 0.1276 0.0701 0.0629 0.0496 	30
9:	0.3323 0.0178 0.0110 0.1934 0.1326 0.0166 0.0222 0.0165 0.2575 	29
10:	0.1941 0.0077 0.1063 0.1586 0.1328 0.0250 0.0539 0.0484 0.2733 	27
11:	0.0579 0.0130 0.0000 0.0490 0.3941 0.0213 0.0222 0.4338 0.0087 	9
12:	0.2547 0.0328 0.0146 0.3607 0.1014 0.0458 0.0224 0.0127 0.1549 	28
