1:	0.2840 0.0215 0.4367 0.2220 0.0359 	28
2:	0.4123 0.0959 0.1524 0.3251 0.0143 	27
3:	0.3427 0.3440 0.0066 0.2044 0.1023 	28
4:	0.1814 0.3818 0.0622 0.1653 0.2094 	15
5:	0.2196 0.4938 0.0388 0.1808 0.0671 	29
6:	0.1421 0.0766 0.4836 0.2189 0.0787 	24
7:	0.2117 0.4378 0.1750 0.0702 0.1053 	26
8:	0.2626 0.2566 0.0448 0.2586 0.1773 	30
9:	0.5221 0.0305 0.0957 0.3098 0.0419 	29
10:	0.3453 0.0690 0.3011 0.2420 0.0427 	27
11:	0.1189 0.6171 0.0222 0.1928 0.0489 	9
12:	0.3819 0.0394 0.0373 0.4767 0.0648 	28
