1:	0.0672 0.0561 0.1913 0.1272 0.0610 0.0098 0.0890 0.0133 0.0932 0.0058 0.2860 	28
2:	0.1233 0.0878 0.0464 0.2065 0.0774 0.0026 0.1883 0.0165 0.0359 0.0379 0.1774 	27
3:	0.0735 0.3134 0.0017 0.1059 0.0126 0.0180 0.0868 0.0451 0.1090 0.1865 0.0475 	28
4:	0.0257 0.0777 0.0290 0.0982 0.0531 0.1824 0.1728 0.0475 0.0236 0.2555 0.0345 	15
5:	0.0393 0.1140 0.0133 0.1086 0.0438 0.0151 0.1622 0.0958 0.0468 0.3401 0.0210 	29
6:	0.0237 0.0264 0.4492 0.1682 0.0406 0.0591 0.1033 0.0038 0.0390 0.0506 0.0361 	24
7:	0.0145 0.0536 0.0683 0.0526 0.0493 0.0538 0.2345 0.1849 0.0503 0.2040 0.0343 	26
8:	0.0496 0.3080 0.0113 0.1361 0.0582 0.1043 0.0591 0.0624 0.0811 0.0915 0.0384 	30
9:	0.3994 0.0267 0.0060 0.1413 0.1339 0.0091 0.0353 0.0186 0.1615 0.0133 0.0549 	29
10:	0.1453 0.0095 0.0782 0.1245 0.2269 0.0122 0.0772 0.0626 0.1845 0.0111 0.0680 	27
11:	0.0404 0.0022 0.0000 0.0583 0.1466 0.0000 0.0836 0.4289 0.0010 0.1436 0.0953 	9
12:	0.3356 0.0343 0.0053 0.2728 0.0586 0.0426 0.0342 0.0061 0.1079 0.0272 0.0755 	28
