1:	0.2553 0.0158 0.4273 0.2040 0.0510 0.0248 0.0218 	28
2:	0.3711 0.0825 0.1339 0.2790 0.1008 0.0076 0.0251 	27
3:	0.2824 0.3356 0.0062 0.2035 0.0164 0.0569 0.0991 	28
4:	0.1446 0.3479 0.0519 0.1328 0.0704 0.1914 0.0611 	15
5:	0.1691 0.4494 0.0188 0.1607 0.0479 0.0225 0.1317 	29
6:	0.0951 0.0876 0.4818 0.2166 0.0373 0.0726 0.0091 	24
7:	0.1759 0.3145 0.1332 0.0740 0.0288 0.0532 0.2204 	26
8:	0.2130 0.2194 0.0269 0.2360 0.0486 0.1283 0.1277 	30
9:	0.4747 0.0107 0.0426 0.2144 0.2070 0.0312 0.0195 	29
10:	0.3032 0.0145 0.1756 0.1818 0.2140 0.0197 0.0912 	27
11:	0.0492 0.2104 0.0000 0.0411 0.4725 0.0000 0.2267 	9
12:	0.3374 0.0240 0.0259 0.3861 0.1521 0.0553 0.0192 	28
