1.0000 0.6788 0.6788 0.7469 0.6768 0.7467 0.6768 0.7466 0.7467 0.9152 0.7468 0.7469 0.7467 0.6788 0.9929 0.6787 0.9162 0.9155 0.6787 0.7470
0.6788 1.0000 0.9983 0.7691 0.9371 0.7686 0.9371 0.7705 0.7687 0.6921 0.7695 0.7691 0.7689 0.9986 0.6792 0.9980 0.6921 0.6918 0.9977 0.7707
0.6788 0.9983 1.0000 0.7692 0.9374 0.7687 0.9373 0.7706 0.7688 0.6921 0.7696 0.7692 0.7690 0.9988 0.6792 0.9986 0.6921 0.6918 0.9986 0.7707
0.7469 0.7691 0.7692 1.0000 0.7741 0.9970 0.7741 0.9935 0.9979 0.7761 0.9979 0.9995 0.9983 0.7691 0.7477 0.7691 0.7753 0.7757 0.7691 0.9938
0.6768 0.9371 0.9374 0.7741 1.0000 0.7736 0.9993 0.7754 0.7737 0.6962 0.7745 0.7741 0.7739 0.9372 0.6772 0.9373 0.6962 0.6959 0.9374 0.7756
0.7467 0.7686 0.7687 0.9970 0.7736 1.0000 0.7736 0.9925 0.9973 0.7760 0.9963 0.9970 0.9971 0.7687 0.7475 0.7686 0.7751 0.7755 0.7686 0.9927
0.6768 0.9371 0.9373 0.7741 0.9993 0.7736 1.0000 0.7755 0.7737 0.6962 0.7745 0.7741 0.7739 0.9372 0.6772 0.9373 0.6962 0.6959 0.9374 0.7756
0.7466 0.7705 0.7706 0.9935 0.7754 0.9925 0.7755 1.0000 0.9931 0.7757 0.9951 0.9936 0.9935 0.7705 0.7474 0.7705 0.7749 0.7752 0.7705 0.9973
0.7467 0.7687 0.7688 0.9979 0.7737 0.9973 0.7737 0.9931 1.0000 0.7759 0.9967 0.9978 0.9985 0.7688 0.7475 0.7687 0.7751 0.7755 0.7688 0.9931
0.9152 0.6921 0.6921 0.7761 0.6962 0.7760 0.6962 0.7757 0.7759 1.0000 0.7760 0.7762 0.7759 0.6921 0.9162 0.6921 0.9949 0.9981 0.6920 0.7762
0.7468 0.7695 0.7696 0.9979 0.7745 0.9963 0.7745 0.9951 0.9967 0.7760 1.0000 0.9980 0.9972 0.7696 0.7476 0.7696 0.7752 0.7756 0.7696 0.9956
0.7469 0.7691 0.7692 0.9995 0.7741 0.9970 0.7741 0.9936 0.9978 0.7762 0.9980 1.0000 0.9983 0.7692 0.7478 0.7691 0.7753 0.7757 0.7692 0.9940
0.7467 0.7689 0.7690 0.9983 0.7739 0.9971 0.7739 0.9935 0.9985 0.7759 0.9972 0.9983 1.0000 0.7690 0.7475 0.7690 0.7750 0.7754 0.7690 0.9936
0.6788 0.9986 0.9988 0.7691 0.9372 0.7687 0.9372 0.7705 0.7688 0.6921 0.7696 0.7692 0.7690 1.0000 0.6792 0.9982 0.6921 0.6918 0.9979 0.7707
0.9929 0.6792 0.6792 0.7477 0.6772 0.7475 0.6772 0.7474 0.7475 0.9162 0.7476 0.7478 0.7475 0.6792 1.0000 0.6792 0.9170 0.9165 0.6791 0.7478
0.6787 0.9980 0.9986 0.7691 0.9373 0.7686 0.9373 0.7705 0.7687 0.6921 0.7696 0.7691 0.7690 0.9982 0.6792 1.0000 0.6921 0.6918 0.9990 0.7707
0.9162 0.6921 0.6921 0.7753 0.6962 0.7751 0.6962 0.7749 0.7751 0.9949 0.7752 0.7753 0.7750 0.6921 0.9170 0.6921 1.0000 0.9949 0.6920 0.7753
0.9155 0.6918 0.6918 0.7757 0.6959 0.7755 0.6959 0.7752 0.7755 0.9981 0.7756 0.7757 0.7754 0.6918 0.9165 0.6918 0.9949 1.0000 0.6917 0.7757
0.6787 0.9977 0.9986 0.7691 0.9374 0.7686 0.9374 0.7705 0.7688 0.6920 0.7696 0.7692 0.7690 0.9979 0.6791 0.9990 0.6920 0.6917 1.0000 0.7707
0.7470 0.7707 0.7707 0.9938 0.7756 0.9927 0.7756 0.9973 0.9931 0.7762 0.9956 0.9940 0.9936 0.7707 0.7478 0.7707 0.7753 0.7757 0.7707 1.0000
