1:	0.1850 0.0042 0.0112 0.3515 0.1550 0.0365 0.0978 0.0252 0.0179 0.0625 0.0531 	29
2:	0.3216 0.0009 0.0503 0.0956 0.1858 0.0704 0.0860 0.0225 0.0113 0.0325 0.1232 	30
3:	0.2841 0.0142 0.2636 0.0016 0.1573 0.0391 0.0131 0.0857 0.0503 0.0430 0.0480 	30
4:	0.1010 0.0096 0.2258 0.0345 0.0981 0.2573 0.0544 0.1102 0.0362 0.0150 0.0578 	22
5:	0.1534 0.0011 0.3879 0.0080 0.1454 0.0314 0.0774 0.0308 0.0988 0.0318 0.0340 	30
6:	0.0728 0.0132 0.0581 0.3663 0.1764 0.1491 0.0691 0.0538 0.0084 0.0175 0.0153 	29
7:	0.1435 0.0033 0.2832 0.0871 0.0625 0.1058 0.0912 0.0408 0.1298 0.0475 0.0054 	30
8:	0.0000 0.0000 0.0101 0.4850 0.0000 0.0000 0.2987 0.2063 0.0000 0.0000 0.0000 	1
9:	0.1946 0.0012 0.1706 0.0217 0.2181 0.0021 0.0794 0.1526 0.0951 0.0275 0.0370 	30
10:	0.1821 0.0001 0.0095 0.0043 0.1304 0.0335 0.1508 0.0162 0.0151 0.3121 0.1459 	30
11:	0.0989 0.0094 0.0124 0.0963 0.0978 0.0897 0.1611 0.0094 0.0621 0.2947 0.0681 	30
12:	0.0311 0.5314 0.0733 0.0000 0.0132 0.1110 0.0085 0.0005 0.0797 0.0206 0.1307 	30
13:	0.1962 0.0226 0.0184 0.0236 0.2399 0.0258 0.0452 0.0393 0.0085 0.1843 0.1961 	30
