1:	0.3997 0.0283 0.0341 0.4997 0.0381 	29
2:	0.5739 0.0482 0.1331 0.2259 0.0189 	30
3:	0.4504 0.0407 0.4024 0.0193 0.0872 	30
4:	0.2781 0.1719 0.3087 0.0855 0.1557 	22
5:	0.2853 0.0251 0.5306 0.0690 0.0900 	30
6:	0.2436 0.1125 0.0827 0.4945 0.0668 	29
7:	0.1946 0.0774 0.4151 0.1797 0.1332 	30
8:	0.0337 0.0000 0.0000 0.7095 0.2568 	1
9:	0.4443 0.0024 0.2833 0.0667 0.2033 	30
10:	0.7171 0.0230 0.0457 0.1771 0.0371 	30
11:	0.4458 0.0831 0.0679 0.3612 0.0420 	30
12:	0.1198 0.6369 0.1907 0.0163 0.0363 	30
13:	0.7414 0.0454 0.0669 0.0921 0.0542 	30
