1:	0.2003 0.0053 0.0031 0.3852 0.1586 0.0379 0.1132 0.0150 0.0555 0.0259 	29
2:	0.2943 0.0015 0.0443 0.1069 0.1971 0.0745 0.1453 0.0052 0.0969 0.0340 	30
3:	0.1721 0.0157 0.1938 0.0056 0.1523 0.0400 0.0250 0.0242 0.3195 0.0519 	30
4:	0.0705 0.0101 0.2231 0.0317 0.0876 0.2644 0.0579 0.1291 0.0881 0.0375 	22
5:	0.1096 0.0021 0.4038 0.0136 0.1369 0.0335 0.0624 0.0218 0.1435 0.0728 	30
6:	0.0507 0.0140 0.0569 0.3942 0.1754 0.1520 0.0531 0.0580 0.0355 0.0101 	29
7:	0.0961 0.0054 0.2903 0.1116 0.0731 0.1124 0.0476 0.0560 0.0993 0.1081 	30
8:	0.0000 0.0000 0.0000 0.5180 0.0001 0.0079 0.2109 0.2631 0.0000 0.0000 	1
9:	0.1026 0.0029 0.1001 0.0251 0.1861 0.0013 0.0781 0.1123 0.3246 0.0670 	30
10:	0.4277 0.0009 0.0179 0.0276 0.1737 0.0346 0.2352 0.0181 0.0199 0.0445 	30
11:	0.2847 0.0169 0.0227 0.1373 0.1468 0.0950 0.2052 0.0158 0.0077 0.0680 	30
12:	0.0526 0.5295 0.0643 0.0000 0.0169 0.1170 0.0473 0.0017 0.0030 0.1678 	30
13:	0.3379 0.0228 0.0234 0.0261 0.3100 0.0282 0.1273 0.0418 0.0332 0.0496 	30
