1:	0.2559 0.0341 0.3961 0.2127 0.0429 0.0584 	28
2:	0.2655 0.0434 0.1165 0.2835 0.1109 0.1802 	27
3:	0.1887 0.3259 0.0167 0.2250 0.0200 0.2238 	28
4:	0.0313 0.3454 0.0911 0.1109 0.1019 0.3194 	15
5:	0.0301 0.3495 0.0231 0.1642 0.0755 0.3576 	29
6:	0.0286 0.0604 0.4636 0.2029 0.0592 0.1853 	24
7:	0.0291 0.3342 0.1547 0.0562 0.0577 0.3681 	26
8:	0.1326 0.2926 0.0664 0.2528 0.0468 0.2089 	30
9:	0.5321 0.0337 0.0424 0.1996 0.1540 0.0382 	29
10:	0.3252 0.0605 0.1894 0.1780 0.2001 0.0467 	27
11:	0.0462 0.3507 0.0000 0.0439 0.5388 0.0204 	9
12:	0.3822 0.0469 0.0457 0.3762 0.1118 0.0372 	28
