1:	0.2091 0.0070 0.0090 0.3866 0.1770 0.0394 0.1071 0.0203 0.0445 	29
2:	0.3006 0.0011 0.0503 0.1128 0.2225 0.0782 0.1414 0.0087 0.0845 	30
3:	0.2096 0.0168 0.2237 0.0060 0.1793 0.0421 0.0266 0.0368 0.2591 	30
4:	0.0816 0.0107 0.2189 0.0352 0.0953 0.2705 0.0577 0.1273 0.1028 	22
5:	0.1304 0.0048 0.3904 0.0192 0.1432 0.0335 0.0630 0.0358 0.1797 	30
6:	0.0569 0.0143 0.0530 0.4019 0.1763 0.1555 0.0484 0.0567 0.0370 	29
7:	0.1125 0.0089 0.3118 0.1295 0.0632 0.1156 0.0477 0.0668 0.1440 	30
8:	0.0012 0.0000 0.0067 0.5508 0.0025 0.0164 0.1795 0.2407 0.0022 	1
9:	0.1321 0.0063 0.1343 0.0289 0.2125 0.0025 0.0760 0.1228 0.2845 	30
10:	0.4353 0.0026 0.0189 0.0354 0.1898 0.0362 0.2367 0.0229 0.0221 	30
11:	0.2901 0.0273 0.0309 0.1535 0.1500 0.0965 0.2023 0.0233 0.0261 	30
12:	0.0489 0.5357 0.1381 0.0008 0.0180 0.1278 0.0818 0.0157 0.0333 	30
13:	0.3403 0.0218 0.0272 0.0296 0.3438 0.0309 0.1347 0.0414 0.0303 	30
