1:	0.2136 0.0067 0.0100 0.3831 0.1767 0.0368 0.0801 0.0152 0.0474 0.0304 	29
2:	0.2225 0.0004 0.0295 0.1044 0.2166 0.0749 0.1403 0.0040 0.0622 0.1452 	30
3:	0.1679 0.0142 0.1727 0.0038 0.1666 0.0426 0.0245 0.0181 0.3004 0.0892 	30
4:	0.0138 0.0114 0.1619 0.0245 0.0692 0.2474 0.0607 0.1290 0.0578 0.2243 	22
5:	0.0345 0.0044 0.3211 0.0137 0.1260 0.0313 0.0611 0.0145 0.1428 0.2506 	30
6:	0.0303 0.0148 0.0352 0.3750 0.1522 0.1485 0.0406 0.0579 0.0250 0.1204 	29
7:	0.0249 0.0093 0.2780 0.1100 0.0428 0.1040 0.0356 0.0437 0.0764 0.2753 	30
8:	0.0000 0.0000 0.0000 0.5139 0.0000 0.0000 0.1562 0.2509 0.0000 0.0790 	1
9:	0.0977 0.0045 0.0948 0.0277 0.1945 0.0014 0.0732 0.1025 0.3090 0.0948 	30
10:	0.4553 0.0020 0.0201 0.0297 0.1849 0.0349 0.1965 0.0179 0.0209 0.0379 	30
11:	0.2880 0.0277 0.0336 0.1429 0.1469 0.0942 0.1876 0.0155 0.0272 0.0364 	30
12:	0.0413 0.5373 0.1692 0.0002 0.0161 0.1198 0.0887 0.0001 0.0024 0.0247 	30
13:	0.3487 0.0204 0.0174 0.0243 0.3327 0.0315 0.1152 0.0421 0.0357 0.0321 	30
