1:	0.2781 0.0350 0.4039 0.2156 0.0674 	28
2:	0.3997 0.0726 0.1210 0.2903 0.1164 	27
3:	0.3525 0.3753 0.0279 0.2274 0.0169 	28
4:	0.2013 0.4495 0.1159 0.1546 0.0787 	15
5:	0.2486 0.4798 0.0337 0.1910 0.0469 	29
6:	0.1370 0.0911 0.4932 0.2292 0.0495 	24
7:	0.2385 0.4478 0.1948 0.0798 0.0391 	26
8:	0.2694 0.3333 0.0852 0.2653 0.0468 	30
9:	0.4407 0.0302 0.0537 0.2213 0.2540 	29
10:	0.2939 0.0632 0.1973 0.1837 0.2619 	27
11:	0.0524 0.4088 0.0000 0.0434 0.4954 	9
12:	0.3155 0.0450 0.0552 0.3985 0.1859 	28
