1:	0.2564 0.0259 0.0287 0.4316 0.2239 0.0334 	29
2:	0.3721 0.0433 0.0835 0.1587 0.3190 0.0233 	30
3:	0.3569 0.0376 0.3367 0.0083 0.2003 0.0602 	30
4:	0.1771 0.1609 0.2561 0.0484 0.1925 0.1650 	22
5:	0.2196 0.0251 0.4713 0.0527 0.1747 0.0565 	30
6:	0.1062 0.1049 0.0658 0.4418 0.1963 0.0850 	29
7:	0.2244 0.0725 0.3787 0.1517 0.0741 0.0985 	30
8:	0.0607 0.0000 0.0000 0.6434 0.0138 0.2820 	1
9:	0.2613 0.0032 0.2606 0.0563 0.2609 0.1577 	30
10:	0.4762 0.0226 0.0323 0.1264 0.3162 0.0263 	30
11:	0.3199 0.0813 0.0559 0.3011 0.2116 0.0302 	30
12:	0.0996 0.6247 0.1914 0.0111 0.0531 0.0201 	30
13:	0.3681 0.0426 0.0448 0.0634 0.4367 0.0443 	30
