1:	0.2021 0.0063 0.0178 0.3779 0.1513 0.0394 0.0757 0.0203 0.1093 	29
2:	0.3139 0.0012 0.0625 0.1027 0.1834 0.0712 0.1207 0.0153 0.1290 	30
3:	0.3140 0.0163 0.2899 0.0077 0.2080 0.0409 0.0377 0.0644 0.0211 	30
4:	0.1118 0.0109 0.2428 0.0398 0.1153 0.2609 0.0380 0.1195 0.0610 	22
5:	0.1823 0.0060 0.4003 0.0114 0.1813 0.0319 0.0162 0.0783 0.0924 	30
6:	0.0694 0.0133 0.0559 0.3783 0.1855 0.1533 0.0073 0.0480 0.0891 	29
7:	0.1693 0.0106 0.3079 0.1161 0.0739 0.1052 0.0023 0.1119 0.1027 	30
8:	0.0000 0.0000 0.0185 0.4809 0.0000 0.0122 0.0000 0.1748 0.3137 	1
9:	0.1939 0.0069 0.2151 0.0285 0.2762 0.0025 0.0227 0.1421 0.1122 	30
10:	0.3347 0.0020 0.0172 0.0366 0.1106 0.0348 0.2919 0.0202 0.1520 	30
11:	0.2238 0.0272 0.0255 0.1461 0.0978 0.0948 0.1803 0.0309 0.1734 	30
12:	0.0446 0.5339 0.1164 0.0000 0.0132 0.1249 0.1015 0.0525 0.0131 	30
13:	0.2952 0.0211 0.0309 0.0384 0.1928 0.0295 0.3166 0.0338 0.0417 	30
