1:	0.2247 0.0246 0.4148 0.1898 0.0456 0.0206 0.0602 0.0196 	28
2:	0.2781 0.0582 0.1217 0.2525 0.1084 0.0069 0.1545 0.0196 	27
3:	0.2028 0.3206 0.0066 0.1899 0.0223 0.0381 0.1195 0.1002 	28
4:	0.0402 0.2619 0.0418 0.0980 0.0769 0.1652 0.2397 0.0762 	15
5:	0.0590 0.3358 0.0105 0.1371 0.0535 0.0253 0.2361 0.1427 	29
6:	0.0339 0.0580 0.4174 0.1897 0.0377 0.0754 0.1759 0.0120 	24
7:	0.0498 0.2138 0.0902 0.0559 0.0318 0.0949 0.2613 0.2023 	26
8:	0.1293 0.2146 0.0275 0.2143 0.0482 0.1002 0.1499 0.1160 	30
9:	0.4780 0.0145 0.0358 0.1924 0.1777 0.0347 0.0435 0.0235 	29
10:	0.2907 0.0106 0.1534 0.1681 0.1710 0.0622 0.0557 0.0883 	27
11:	0.0440 0.1901 0.0000 0.0419 0.4491 0.0022 0.0232 0.2494 	9
12:	0.3497 0.0280 0.0247 0.3477 0.1426 0.0478 0.0370 0.0226 	28
