1:	0.4589 0.0451 0.4961 	28
2:	0.6789 0.1231 0.1981 	27
3:	0.5098 0.4504 0.0398 	28
4:	0.3138 0.5426 0.1436 	15
5:	0.3738 0.5699 0.0563 	29
6:	0.3429 0.1139 0.5432 	24
7:	0.2408 0.5240 0.2352 	26
8:	0.4917 0.3970 0.1113 	30
9:	0.7762 0.0621 0.1617 	29
10:	0.5255 0.1025 0.3720 	27
11:	0.3039 0.6650 0.0311 	9
12:	0.8196 0.0810 0.0994 	28
