1:	0.1664 0.0025 0.2280 0.1508 0.0639 0.0147 0.0478 0.0127 0.3133 	28
2:	0.3109 0.0483 0.0703 0.2312 0.0928 0.0033 0.0972 0.0178 0.1283 	27
3:	0.1470 0.2083 0.0019 0.1472 0.0169 0.0264 0.3211 0.0560 0.0752 	28
4:	0.0863 0.3113 0.0480 0.1035 0.0613 0.1871 0.1247 0.0503 0.0277 	15
5:	0.0987 0.3787 0.0233 0.1409 0.0498 0.0181 0.1621 0.1129 0.0155 	29
6:	0.0625 0.0669 0.4919 0.2075 0.0418 0.0641 0.0311 0.0051 0.0292 	24
7:	0.1137 0.2316 0.1052 0.0735 0.0375 0.0532 0.1030 0.2517 0.0307 	26
8:	0.0922 0.0984 0.0133 0.1686 0.0663 0.1088 0.3275 0.0610 0.0639 	30
9:	0.4240 0.0140 0.0066 0.1777 0.1682 0.0163 0.0225 0.0178 0.1529 	29
10:	0.2635 0.0173 0.0990 0.1517 0.2221 0.0168 0.0032 0.0811 0.1452 	27
11:	0.0847 0.2475 0.0000 0.0462 0.1898 0.0000 0.0000 0.4058 0.0259 	9
12:	0.3273 0.0329 0.0077 0.3363 0.0898 0.0478 0.0298 0.0089 0.1194 	28
