1:	0.2699 0.0102 0.0356 0.4178 0.2203 0.0462 	29
2:	0.3814 0.0028 0.0825 0.1420 0.3045 0.0867 	30
3:	0.3753 0.0240 0.3490 0.0112 0.1954 0.0452 	30
4:	0.1584 0.0181 0.3223 0.0677 0.1338 0.2998 	22
5:	0.2527 0.0161 0.4771 0.0419 0.1771 0.0352 	30
6:	0.1251 0.0143 0.0884 0.4259 0.1753 0.1709 	29
7:	0.2483 0.0212 0.3990 0.1507 0.0544 0.1263 	30
8:	0.0656 0.0000 0.0796 0.7354 0.0014 0.1180 	1
9:	0.2786 0.0198 0.3327 0.0852 0.2624 0.0214 	30
10:	0.4488 0.0082 0.0375 0.1278 0.3368 0.0409 	30
11:	0.3267 0.0415 0.0453 0.2745 0.2128 0.0992 	30
12:	0.0652 0.5532 0.1728 0.0109 0.0568 0.1410 	30
13:	0.3559 0.0238 0.0552 0.0774 0.4499 0.0378 	30
