1:	0.2224 0.0206 0.3068 0.1808 0.0588 0.0248 0.1859 	28
2:	0.3735 0.0701 0.0972 0.2605 0.1177 0.0125 0.0685 	27
3:	0.3140 0.3108 0.0024 0.2040 0.0225 0.0841 0.0622 	28
4:	0.1740 0.3105 0.0522 0.1446 0.0678 0.2213 0.0296 	15
5:	0.2160 0.4518 0.0289 0.1768 0.0417 0.0498 0.0349 	29
6:	0.1128 0.0604 0.4654 0.2225 0.0342 0.0684 0.0364 	24
7:	0.1928 0.4127 0.1657 0.0727 0.0238 0.0666 0.0656 	26
8:	0.2492 0.2223 0.0196 0.2469 0.0399 0.1669 0.0553 	30
9:	0.3451 0.0159 0.0061 0.1789 0.2219 0.0234 0.2088 	29
10:	0.1737 0.0393 0.1135 0.1418 0.1722 0.0247 0.3348 	27
11:	0.0514 0.3980 0.0000 0.0366 0.4856 0.0193 0.0092 	9
12:	0.2899 0.0220 0.0117 0.3300 0.1984 0.0514 0.0966 	28
