1:	0.3390 0.0282 0.0384 0.4157 0.1787 	29
2:	0.4853 0.0448 0.0918 0.1383 0.2398 	30
3:	0.5233 0.0408 0.3683 0.0291 0.0385 	30
4:	0.2603 0.1664 0.3315 0.1005 0.1413 	22
5:	0.3389 0.0275 0.5014 0.0356 0.0966 	30
6:	0.2282 0.1091 0.0767 0.4653 0.1207 	29
7:	0.2629 0.0801 0.4128 0.1916 0.0526 	30
8:	0.0000 0.0060 0.0492 0.7289 0.2158 	1
9:	0.4385 0.0106 0.3499 0.0882 0.1129 	30
10:	0.5169 0.0203 0.0463 0.0814 0.3351 	30
11:	0.3608 0.0827 0.0709 0.2111 0.2745 	30
12:	0.0832 0.6266 0.1888 0.0014 0.1000 	30
13:	0.5804 0.0434 0.0634 0.0776 0.2352 	30
