1:	0.2609 0.0228 0.4277 0.2107 0.0512 0.0268 	28
2:	0.3772 0.0875 0.1351 0.2876 0.1038 0.0087 	27
3:	0.3110 0.3561 0.0122 0.2212 0.0172 0.0822 	28
4:	0.1639 0.3475 0.0590 0.1417 0.0804 0.2074 	15
5:	0.2023 0.4744 0.0258 0.1786 0.0493 0.0695 	29
6:	0.1100 0.0775 0.4843 0.2205 0.0427 0.0651 	24
7:	0.1901 0.4182 0.1768 0.0764 0.0346 0.1040 	26
8:	0.2406 0.2469 0.0344 0.2556 0.0452 0.1773 	30
9:	0.4769 0.0147 0.0440 0.2226 0.2072 0.0345 	29
10:	0.3047 0.0326 0.1922 0.1867 0.2339 0.0499 	27
11:	0.0473 0.3311 0.0000 0.0410 0.5236 0.0570 	9
12:	0.3335 0.0287 0.0292 0.4047 0.1485 0.0555 	28
