1:	0.2216 0.0300 0.3764 0.1674 0.0103 0.0097 0.0161 0.0167 0.0727 0.0790 	28
2:	0.3263 0.0481 0.1011 0.2150 0.0809 0.0039 0.0822 0.0200 0.0307 0.0919 	27
3:	0.2238 0.3521 0.0011 0.1154 0.0532 0.0198 0.0559 0.0557 0.0887 0.0343 	28
4:	0.0495 0.1637 0.0218 0.0777 0.1027 0.1864 0.2463 0.0692 0.0175 0.0653 	15
5:	0.0699 0.2767 0.0064 0.0923 0.0740 0.0149 0.2432 0.1317 0.0292 0.0617 	29
6:	0.0555 0.0387 0.4109 0.1424 0.0244 0.0617 0.1428 0.0096 0.0199 0.0940 	24
7:	0.0647 0.0912 0.0415 0.0397 0.0322 0.0483 0.3427 0.2333 0.0510 0.0554 	26
8:	0.1700 0.2694 0.0176 0.1449 0.0377 0.1069 0.0413 0.0741 0.0538 0.0843 	30
9:	0.2746 0.0112 0.0045 0.1958 0.0697 0.0118 0.0064 0.0162 0.2416 0.1682 	29
10:	0.1436 0.0052 0.0948 0.1308 0.0565 0.0089 0.0239 0.0672 0.2699 0.1991 	27
11:	0.0404 0.0551 0.0000 0.0300 0.6496 0.0000 0.0143 0.1897 0.0022 0.0187 	9
12:	0.2291 0.0178 0.0068 0.3740 0.0964 0.0441 0.0191 0.0095 0.1180 0.0851 	28
