1:	0.2256 0.0117 0.3778 0.1813 0.0406 0.0197 0.0466 0.0967 	28
2:	0.3632 0.0579 0.1108 0.2623 0.1007 0.0069 0.0652 0.0329 	27
3:	0.2115 0.2715 0.0018 0.1590 0.0282 0.0396 0.1836 0.1046 	28
4:	0.1242 0.3078 0.0435 0.1325 0.0764 0.1962 0.0915 0.0278 	15
5:	0.1548 0.4180 0.0158 0.1558 0.0513 0.0414 0.1236 0.0394 	29
6:	0.0860 0.0697 0.4552 0.2160 0.0356 0.0665 0.0416 0.0294 	24
7:	0.1508 0.3445 0.1172 0.0673 0.0307 0.0783 0.1423 0.0688 	26
8:	0.1612 0.1673 0.0182 0.1925 0.0516 0.1357 0.2023 0.0713 	30
9:	0.3418 0.0106 0.0052 0.1770 0.1628 0.0180 0.0511 0.2335 	29
10:	0.1865 0.0210 0.1126 0.1331 0.1399 0.0253 0.0758 0.3059 	27
11:	0.0582 0.2666 0.0000 0.0429 0.5025 0.0264 0.1022 0.0012 	9
12:	0.2888 0.0160 0.0094 0.3387 0.1361 0.0467 0.0324 0.1319 	28
