1:	0.1962 0.0048 0.0078 0.3443 0.1395 0.0364 0.0919 0.0134 0.0523 0.0134 0.0998 	29
2:	0.2802 0.0008 0.0547 0.0914 0.1735 0.0727 0.1465 0.0058 0.0894 0.0143 0.0706 	30
3:	0.1825 0.0146 0.1945 0.0035 0.1389 0.0398 0.0494 0.0215 0.2830 0.0416 0.0307 	30
4:	0.0561 0.0102 0.2150 0.0270 0.0850 0.2543 0.0590 0.1284 0.0922 0.0341 0.0389 	22
5:	0.0881 0.0017 0.3695 0.0109 0.1344 0.0316 0.0506 0.0187 0.1514 0.0859 0.0572 	30
6:	0.0504 0.0143 0.0618 0.3778 0.1670 0.1479 0.0349 0.0562 0.0408 0.0057 0.0433 	29
7:	0.0759 0.0044 0.2782 0.0865 0.0701 0.1046 0.0220 0.0511 0.1004 0.1275 0.0793 	30
8:	0.0048 0.0000 0.0056 0.4967 0.0146 0.0010 0.0745 0.2510 0.0093 0.0000 0.1426 	1
9:	0.1139 0.0014 0.1036 0.0216 0.1798 0.0014 0.0647 0.1064 0.2750 0.0714 0.0609 	30
10:	0.3433 0.0004 0.0175 0.0145 0.1426 0.0335 0.2042 0.0150 0.0317 0.0163 0.1810 	30
11:	0.2055 0.0128 0.0209 0.1046 0.1244 0.0906 0.1231 0.0129 0.0120 0.0553 0.2379 	30
12:	0.0452 0.5281 0.0457 0.0000 0.0186 0.1128 0.0656 0.0009 0.0072 0.1632 0.0127 	30
13:	0.2968 0.0225 0.0229 0.0204 0.2495 0.0270 0.1945 0.0400 0.0451 0.0088 0.0728 	30
