1.0000	0.9947	0.8020	0.8020	0.9323	0.9323	0.7557	0.9919	0.9318	0.7160	0.9322	0.9319	0.9322	0.9318	0.9322	0.9322	0.9322	0.7390	0.9318	0.9320
0.9947	1.0000	0.8033	0.8033	0.9321	0.9321	0.7576	0.9948	0.9313	0.7154	0.9318	0.9313	0.9319	0.9312	0.9318	0.9319	0.9319	0.7389	0.9312	0.9317
0.8020	0.8033	1.0000	1.0000	0.8151	0.8152	0.7753	0.8034	0.8135	0.6888	0.8146	0.8134	0.8146	0.8134	0.8146	0.8145	0.8147	0.7340	0.8133	0.8145
0.8020	0.8033	1.0000	1.0000	0.8151	0.8152	0.7753	0.8034	0.8135	0.6888	0.8146	0.8134	0.8146	0.8134	0.8146	0.8145	0.8147	0.7340	0.8133	0.8145
0.9323	0.9321	0.8151	0.8151	1.0000	0.9997	0.7486	0.9318	0.9945	0.7343	0.9974	0.9943	0.9976	0.9943	0.9976	0.9974	0.9977	0.7574	0.9942	0.9972
0.9323	0.9321	0.8152	0.8152	0.9997	1.0000	0.7487	0.9319	0.9944	0.7343	0.9973	0.9942	0.9975	0.9942	0.9975	0.9973	0.9977	0.7574	0.9941	0.9971
0.7557	0.7576	0.7753	0.7753	0.7486	0.7487	1.0000	0.7583	0.7468	0.6395	0.7479	0.7468	0.7483	0.7468	0.7482	0.7482	0.7485	0.6664	0.7467	0.7484
0.9919	0.9948	0.8034	0.8034	0.9318	0.9319	0.7583	1.0000	0.9310	0.7153	0.9315	0.9310	0.9317	0.9310	0.9316	0.9316	0.9317	0.7392	0.9310	0.9315
0.9318	0.9313	0.8135	0.8135	0.9945	0.9944	0.7468	0.9310	1.0000	0.7353	0.9964	0.9992	0.9962	0.9993	0.9962	0.9963	0.9956	0.7578	0.9992	0.9953
0.7160	0.7154	0.6888	0.6888	0.7343	0.7343	0.6395	0.7153	0.7353	1.0000	0.7348	0.7351	0.7346	0.7352	0.7346	0.7346	0.7346	0.8626	0.7352	0.7347
0.9322	0.9318	0.8146	0.8146	0.9974	0.9973	0.7479	0.9315	0.9964	0.7348	1.0000	0.9961	0.9979	0.9961	0.9979	0.9977	0.9974	0.7577	0.9960	0.9968
0.9319	0.9313	0.8134	0.8134	0.9943	0.9942	0.7468	0.9310	0.9992	0.7351	0.9961	1.0000	0.9960	0.9998	0.9960	0.9961	0.9954	0.7577	0.9998	0.9951
0.9322	0.9319	0.8146	0.8146	0.9976	0.9975	0.7483	0.9317	0.9962	0.7346	0.9979	0.9960	1.0000	0.9960	0.9995	0.9997	0.9991	0.7575	0.9959	0.9979
0.9318	0.9312	0.8134	0.8134	0.9943	0.9942	0.7468	0.9310	0.9993	0.7352	0.9961	0.9998	0.9960	1.0000	0.9960	0.9961	0.9954	0.7577	0.9998	0.9951
0.9322	0.9318	0.8146	0.8146	0.9976	0.9975	0.7482	0.9316	0.9962	0.7346	0.9979	0.9960	0.9995	0.9960	1.0000	0.9994	0.9990	0.7576	0.9959	0.9979
0.9322	0.9319	0.8145	0.8145	0.9974	0.9973	0.7482	0.9316	0.9963	0.7346	0.9977	0.9961	0.9997	0.9961	0.9994	1.0000	0.9990	0.7575	0.9960	0.9979
0.9322	0.9319	0.8147	0.8147	0.9977	0.9977	0.7485	0.9317	0.9956	0.7346	0.9974	0.9954	0.9991	0.9954	0.9990	0.9990	1.0000	0.7575	0.9953	0.9983
0.7390	0.7389	0.7340	0.7340	0.7574	0.7574	0.6664	0.7392	0.7578	0.8626	0.7577	0.7577	0.7575	0.7577	0.7576	0.7575	0.7575	1.0000	0.7577	0.7576
0.9318	0.9312	0.8133	0.8133	0.9942	0.9941	0.7467	0.9310	0.9992	0.7352	0.9960	0.9998	0.9959	0.9998	0.9959	0.9960	0.9953	0.7577	1.0000	0.9950
0.9320	0.9317	0.8145	0.8145	0.9972	0.9971	0.7484	0.9315	0.9953	0.7347	0.9968	0.9951	0.9979	0.9951	0.9979	0.9979	0.9983	0.7576	0.9950	1.0000
