1.0000	0.7612	0.9382	0.9384	0.9372	0.9370	0.9986	0.7652	0.9379	0.9384	0.9969	0.9974	0.7439	0.9380	0.9371	0.9953	0.9987	0.9973	0.9383	0.9981
0.7612	1.0000	0.7626	0.7629	0.7623	0.7629	0.7611	0.6779	0.7640	0.7626	0.7608	0.7611	0.9028	0.7641	0.7629	0.7622	0.7612	0.7610	0.7627	0.7611
0.9382	0.7626	1.0000	0.9980	0.9937	0.9926	0.9382	0.7697	0.9901	0.9967	0.9381	0.9381	0.7507	0.9904	0.9931	0.9377	0.9382	0.9381	0.9962	0.9382
0.9384	0.7629	0.9980	1.0000	0.9938	0.9931	0.9383	0.7697	0.9909	0.9973	0.9382	0.9382	0.7510	0.9913	0.9935	0.9379	0.9383	0.9382	0.9969	0.9384
0.9372	0.7623	0.9937	0.9938	1.0000	0.9956	0.9372	0.7711	0.9875	0.9941	0.9371	0.9371	0.7507	0.9879	0.9964	0.9366	0.9371	0.9371	0.9942	0.9372
0.9370	0.7629	0.9926	0.9931	0.9956	1.0000	0.9370	0.7706	0.9901	0.9923	0.9369	0.9369	0.7513	0.9904	0.9984	0.9367	0.9370	0.9369	0.9925	0.9370
0.9986	0.7611	0.9382	0.9383	0.9372	0.9370	1.0000	0.7652	0.9379	0.9384	0.9975	0.9979	0.7438	0.9380	0.9371	0.9950	0.9988	0.9981	0.9383	0.9982
0.7652	0.6779	0.7697	0.7697	0.7711	0.7706	0.7652	1.0000	0.7678	0.7700	0.7654	0.7655	0.6707	0.7680	0.7707	0.7650	0.7653	0.7653	0.7702	0.7651
0.9379	0.7640	0.9901	0.9909	0.9875	0.9901	0.9379	0.7678	1.0000	0.9892	0.9376	0.9377	0.7521	0.9987	0.9897	0.9380	0.9379	0.9376	0.9893	0.9380
0.9384	0.7626	0.9967	0.9973	0.9941	0.9923	0.9384	0.7700	0.9892	1.0000	0.9383	0.9383	0.7508	0.9896	0.9929	0.9379	0.9383	0.9383	0.9988	0.9384
0.9969	0.7608	0.9381	0.9382	0.9371	0.9369	0.9975	0.7654	0.9376	0.9383	1.0000	0.9976	0.7436	0.9377	0.9370	0.9935	0.9971	0.9982	0.9383	0.9964
0.9974	0.7611	0.9381	0.9382	0.9371	0.9369	0.9979	0.7655	0.9377	0.9383	0.9976	1.0000	0.7438	0.9378	0.9370	0.9948	0.9982	0.9985	0.9383	0.9970
0.7439	0.9028	0.7507	0.7510	0.7507	0.7513	0.7438	0.6707	0.7521	0.7508	0.7436	0.7438	1.0000	0.7523	0.7513	0.7450	0.7439	0.7438	0.7509	0.7438
0.9380	0.7641	0.9904	0.9913	0.9879	0.9904	0.9380	0.7680	0.9987	0.9896	0.9377	0.9378	0.7523	1.0000	0.9900	0.9381	0.9380	0.9378	0.9898	0.9381
0.9371	0.7629	0.9931	0.9935	0.9964	0.9984	0.9371	0.7707	0.9897	0.9929	0.9370	0.9370	0.7513	0.9900	1.0000	0.9368	0.9371	0.9370	0.9931	0.9372
0.9953	0.7622	0.9377	0.9379	0.9366	0.9367	0.9950	0.7650	0.9380	0.9379	0.9935	0.9948	0.7450	0.9381	0.9368	1.0000	0.9954	0.9944	0.9379	0.9950
0.9987	0.7612	0.9382	0.9383	0.9371	0.9370	0.9988	0.7653	0.9379	0.9383	0.9971	0.9982	0.7439	0.9380	0.9371	0.9954	1.0000	0.9979	0.9383	0.9980
0.9973	0.7610	0.9381	0.9382	0.9371	0.9369	0.9981	0.7653	0.9376	0.9383	0.9982	0.9985	0.7438	0.9378	0.9370	0.9944	0.9979	1.0000	0.9383	0.9968
0.9383	0.7627	0.9962	0.9969	0.9942	0.9925	0.9383	0.7702	0.9893	0.9988	0.9383	0.9383	0.7509	0.9898	0.9931	0.9379	0.9383	0.9383	1.0000	0.9383
0.9981	0.7611	0.9382	0.9384	0.9372	0.9370	0.9982	0.7651	0.9380	0.9384	0.9964	0.9970	0.7438	0.9381	0.9372	0.9950	0.9980	0.9968	0.9383	1.0000
