1.0000	0.7215	0.7632	0.7632	0.7078	0.7522	0.7023	0.7600	0.7513	0.7460	0.7120	0.8700	0.7250	0.7594	0.6749	0.7993	0.6612	0.8007	0.7618	0.7384
0.7215	1.0000	0.7840	0.7840	0.7685	0.7029	0.7651	0.7861	0.6767	0.6838	0.7810	0.6923	0.7806	0.7852	0.6617	0.7230	0.7247	0.7054	0.7851	0.6799
0.7632	0.7840	1.0000	1.0000	0.7616	0.7546	0.7627	0.9846	0.7203	0.7404	0.7673	0.7246	0.7716	0.9843	0.7031	0.7022	0.7166	0.7600	0.9888	0.7173
0.7632	0.7840	1.0000	1.0000	0.7616	0.7546	0.7627	0.9846	0.7203	0.7404	0.7673	0.7246	0.7716	0.9843	0.7031	0.7022	0.7166	0.7600	0.9888	0.7173
0.7078	0.7685	0.7616	0.7616	1.0000	0.7172	0.8459	0.7612	0.7032	0.6874	0.7840	0.6781	0.9080	0.7602	0.6865	0.7942	0.8174	0.6763	0.7620	0.6905
0.7522	0.7029	0.7546	0.7546	0.7172	1.0000	0.7063	0.7572	0.8814	0.8235	0.6882	0.7315	0.7081	0.7572	0.7937	0.7189	0.6753	0.7584	0.7562	0.8425
0.7023	0.7651	0.7627	0.7627	0.8459	0.7063	1.0000	0.7628	0.6967	0.7101	0.7723	0.6751	0.8328	0.7622	0.6696	0.7528	0.8024	0.6919	0.7634	0.7007
0.7600	0.7861	0.9846	0.9846	0.7612	0.7572	0.7628	1.0000	0.7212	0.7409	0.7663	0.7233	0.7689	0.9918	0.7046	0.7004	0.7164	0.7601	0.9920	0.7189
0.7513	0.6767	0.7203	0.7203	0.7032	0.8814	0.6967	0.7212	1.0000	0.8030	0.6711	0.7628	0.6911	0.7213	0.7621	0.7118	0.6658	0.7222	0.7211	0.8643
0.7460	0.6838	0.7404	0.7404	0.6874	0.8235	0.7101	0.7409	0.8030	1.0000	0.6690	0.7073	0.6869	0.7410	0.7367	0.6965	0.6623	0.7793	0.7409	0.8787
0.7120	0.7810	0.7673	0.7673	0.7840	0.6882	0.7723	0.7663	0.6711	0.6690	1.0000	0.6823	0.7918	0.7657	0.6498	0.7241	0.7361	0.6839	0.7668	0.6643
0.8700	0.6923	0.7246	0.7246	0.6781	0.7315	0.6751	0.7233	0.7628	0.7073	0.6823	1.0000	0.6857	0.7228	0.6551	0.7596	0.6319	0.7541	0.7242	0.7332
0.7250	0.7806	0.7716	0.7716	0.9080	0.7081	0.8328	0.7689	0.6911	0.6869	0.7918	0.6857	1.0000	0.7681	0.6696	0.8007	0.8134	0.6911	0.7705	0.6782
0.7594	0.7852	0.9843	0.9843	0.7602	0.7572	0.7622	0.9918	0.7213	0.7410	0.7657	0.7228	0.7681	1.0000	0.7048	0.6996	0.7162	0.7598	0.9876	0.7190
0.6749	0.6617	0.7031	0.7031	0.6865	0.7937	0.6696	0.7046	0.7621	0.7367	0.6498	0.6551	0.6696	0.7048	1.0000	0.6584	0.6449	0.6837	0.7040	0.7459
0.7993	0.7230	0.7022	0.7022	0.7942	0.7189	0.7528	0.7004	0.7118	0.6965	0.7241	0.7596	0.8007	0.6996	0.6584	1.0000	0.7300	0.7351	0.7016	0.7029
0.6612	0.7247	0.7166	0.7166	0.8174	0.6753	0.8024	0.7164	0.6658	0.6623	0.7361	0.6319	0.8134	0.7162	0.6449	0.7300	1.0000	0.6432	0.7168	0.6588
0.8007	0.7054	0.7600	0.7600	0.6763	0.7584	0.6919	0.7601	0.7222	0.7793	0.6839	0.7541	0.6911	0.7598	0.6837	0.7351	0.6432	1.0000	0.7600	0.7478
0.7618	0.7851	0.9888	0.9888	0.7620	0.7562	0.7634	0.9920	0.7211	0.7409	0.7668	0.7242	0.7705	0.9876	0.7040	0.7016	0.7168	0.7600	1.0000	0.7184
0.7384	0.6799	0.7173	0.7173	0.6905	0.8425	0.7007	0.7189	0.8643	0.8787	0.6643	0.7332	0.6782	0.7190	0.7459	0.7029	0.6588	0.7478	0.7184	1.0000
