1.0000 0.7155 0.9963 0.9956 0.7223 0.6986 0.6986 0.7233 0.7236 0.7234 0.7229 0.7228 0.7229 0.7230 0.7233 0.7232 0.6986 0.7213 0.7213 0.7154
0.7155 1.0000 0.7149 0.7149 0.6403 0.7362 0.7362 0.6403 0.6404 0.6404 0.6405 0.6402 0.6402 0.6404 0.6403 0.6403 0.7362 0.6401 0.6401 0.9990
0.9963 0.7149 1.0000 0.9990 0.7200 0.6985 0.6985 0.7209 0.7213 0.7211 0.7206 0.7205 0.7206 0.7207 0.7210 0.7209 0.6985 0.7190 0.7190 0.7149
0.9956 0.7149 0.9990 1.0000 0.7197 0.6986 0.6986 0.7206 0.7210 0.7208 0.7203 0.7202 0.7203 0.7204 0.7207 0.7206 0.6986 0.7187 0.7187 0.7148
0.7223 0.6403 0.7200 0.7197 1.0000 0.6225 0.6225 0.9970 0.9967 0.9967 0.9978 0.9968 0.9974 0.9978 0.9970 0.9969 0.6225 0.9962 0.9962 0.6403
0.6986 0.7362 0.6985 0.6986 0.6225 1.0000 0.9999 0.6222 0.6225 0.6223 0.6227 0.6219 0.6222 0.6224 0.6223 0.6222 0.9998 0.6228 0.6228 0.7360
0.6986 0.7362 0.6985 0.6986 0.6225 0.9999 1.0000 0.6222 0.6224 0.6223 0.6227 0.6219 0.6221 0.6223 0.6222 0.6222 0.9999 0.6228 0.6228 0.7360
0.7233 0.6403 0.7209 0.7206 0.9970 0.6222 0.6222 1.0000 0.9990 0.9990 0.9973 0.9985 0.9992 0.9989 0.9998 0.9993 0.6222 0.9937 0.9937 0.6403
0.7236 0.6404 0.7213 0.7210 0.9967 0.6225 0.6224 0.9990 1.0000 0.9989 0.9972 0.9979 0.9985 0.9984 0.9991 0.9988 0.6224 0.9935 0.9935 0.6404
0.7234 0.6404 0.7211 0.7208 0.9967 0.6223 0.6223 0.9990 0.9989 1.0000 0.9975 0.9985 0.9986 0.9985 0.9992 0.9992 0.6223 0.9935 0.9935 0.6403
0.7229 0.6405 0.7206 0.7203 0.9978 0.6227 0.6227 0.9973 0.9972 0.9975 1.0000 0.9971 0.9974 0.9979 0.9974 0.9975 0.6227 0.9951 0.9951 0.6405
0.7228 0.6402 0.7205 0.7202 0.9968 0.6219 0.6219 0.9985 0.9979 0.9985 0.9971 1.0000 0.9989 0.9985 0.9986 0.9988 0.6219 0.9936 0.9936 0.6402
0.7229 0.6402 0.7206 0.7203 0.9974 0.6222 0.6221 0.9992 0.9985 0.9986 0.9974 0.9989 1.0000 0.9991 0.9991 0.9991 0.6221 0.9941 0.9941 0.6402
0.7230 0.6404 0.7207 0.7204 0.9978 0.6224 0.6223 0.9989 0.9984 0.9985 0.9979 0.9985 0.9991 1.0000 0.9989 0.9988 0.6223 0.9944 0.9944 0.6404
0.7233 0.6403 0.7210 0.7207 0.9970 0.6223 0.6222 0.9998 0.9991 0.9992 0.9974 0.9986 0.9991 0.9989 1.0000 0.9994 0.6222 0.9938 0.9938 0.6403
0.7232 0.6403 0.7209 0.7206 0.9969 0.6222 0.6222 0.9993 0.9988 0.9992 0.9975 0.9988 0.9991 0.9988 0.9994 1.0000 0.6222 0.9937 0.9937 0.6403
0.6986 0.7362 0.6985 0.6986 0.6225 0.9998 0.9999 0.6222 0.6224 0.6223 0.6227 0.6219 0.6221 0.6223 0.6222 0.6222 1.0000 0.6228 0.6228 0.7360
0.7213 0.6401 0.7190 0.7187 0.9962 0.6228 0.6228 0.9937 0.9935 0.9935 0.9951 0.9936 0.9941 0.9944 0.9938 0.9937 0.6228 1.0000 1.0000 0.6401
0.7213 0.6401 0.7190 0.7187 0.9962 0.6228 0.6228 0.9937 0.9935 0.9935 0.9951 0.9936 0.9941 0.9944 0.9938 0.9937 0.6228 1.0000 1.0000 0.6401
0.7154 0.9990 0.7149 0.7148 0.6403 0.7360 0.7360 0.6403 0.6404 0.6403 0.6405 0.6402 0.6402 0.6404 0.6403 0.6403 0.7360 0.6401 0.6401 1.0000
