
Using the parameter settings in the file: 
''1723644900/clumpp.paramfile''

Parameter settings
----------------------- Main parameters -------------------------
DATATYPE = 0
INDFILE = 1723644900/ClumppIndFile
POPFILE = 
OUTFILE = 1723644900/ClumppIndFile.output
MISCFILE = 1723644900/ClumppIndFile.misc
K = 5
C = 351
R = 20
M = 3
W = 0
S = 2
- Additional options for the Greedy and LargeKGreedy algorithms -
GREEDY_OPTION = 2
REPEATS = 2000
PERMUTATIONFILE = 
----------------------- Optional outputs ------------------------
PRINT_PERMUTED_DATA = 0
PERMUTED_DATAFILE = 
PRINT_EVERY_PERM = 0
EVERY_PERMFILE = 
PRINT_RANDOM_INPUTORDER = 0
RANDOM_INPUTORDERFILE = 
----------------------- Advanced options ------------------------
OVERRIDE_WARNINGS = 0
ORDER_BY_RUN = 1


In total, 2000 configurations of runs and clusters will be tested.

Results
------------------------------
The highest value of H' is: 0.79748528356585

The list of permutations of the clusters that produces that
H' value is (runs are listed sequentially on separate rows)

1 2 3 4 5 
1 3 4 2 5 
3 4 1 5 2 
5 1 3 4 2 
5 2 1 4 3 
4 3 5 2 1 
4 5 1 3 2 
5 1 4 3 2 
5 2 4 1 3 
5 4 2 1 3 
2 5 1 3 4 
3 1 4 5 2 
1 2 4 3 5 
5 3 2 4 1 
5 4 1 3 2 
3 5 2 1 4 
1 4 5 2 3 
3 4 1 2 5 
3 4 1 2 5 
3 5 4 2 1 

The pairwise G' values for each pair of runs where the clusters
of each run are permuted according to the list of permutations above

1.0000 0.7155 0.9963 0.9956 0.7223 0.6986 0.6986 0.7233 0.7236 0.7234 0.7229 0.7228 0.7229 0.7230 0.7233 0.7232 0.6986 0.7213 0.7213 0.7154 
0.7155 1.0000 0.7149 0.7149 0.6403 0.7362 0.7362 0.6403 0.6404 0.6404 0.6405 0.6402 0.6402 0.6404 0.6403 0.6403 0.7362 0.6401 0.6401 0.9990 
0.9963 0.7149 1.0000 0.9990 0.7200 0.6985 0.6985 0.7209 0.7213 0.7211 0.7206 0.7205 0.7206 0.7207 0.7210 0.7209 0.6985 0.7190 0.7190 0.7149 
0.9956 0.7149 0.9990 1.0000 0.7197 0.6986 0.6986 0.7206 0.7210 0.7208 0.7203 0.7202 0.7203 0.7204 0.7207 0.7206 0.6986 0.7187 0.7187 0.7148 
0.7223 0.6403 0.7200 0.7197 1.0000 0.6225 0.6225 0.9970 0.9967 0.9967 0.9978 0.9968 0.9974 0.9978 0.9970 0.9969 0.6225 0.9962 0.9962 0.6403 
0.6986 0.7362 0.6985 0.6986 0.6225 1.0000 0.9999 0.6222 0.6225 0.6223 0.6227 0.6219 0.6222 0.6224 0.6223 0.6222 0.9998 0.6228 0.6228 0.7360 
0.6986 0.7362 0.6985 0.6986 0.6225 0.9999 1.0000 0.6222 0.6224 0.6223 0.6227 0.6219 0.6221 0.6223 0.6222 0.6222 0.9999 0.6228 0.6228 0.7360 
0.7233 0.6403 0.7209 0.7206 0.9970 0.6222 0.6222 1.0000 0.9990 0.9990 0.9973 0.9985 0.9992 0.9989 0.9998 0.9993 0.6222 0.9937 0.9937 0.6403 
0.7236 0.6404 0.7213 0.7210 0.9967 0.6225 0.6224 0.9990 1.0000 0.9989 0.9972 0.9979 0.9985 0.9984 0.9991 0.9988 0.6224 0.9935 0.9935 0.6404 
0.7234 0.6404 0.7211 0.7208 0.9967 0.6223 0.6223 0.9990 0.9989 1.0000 0.9975 0.9985 0.9986 0.9985 0.9992 0.9992 0.6223 0.9935 0.9935 0.6403 
0.7229 0.6405 0.7206 0.7203 0.9978 0.6227 0.6227 0.9973 0.9972 0.9975 1.0000 0.9971 0.9974 0.9979 0.9974 0.9975 0.6227 0.9951 0.9951 0.6405 
0.7228 0.6402 0.7205 0.7202 0.9968 0.6219 0.6219 0.9985 0.9979 0.9985 0.9971 1.0000 0.9989 0.9985 0.9986 0.9988 0.6219 0.9936 0.9936 0.6402 
0.7229 0.6402 0.7206 0.7203 0.9974 0.6222 0.6221 0.9992 0.9985 0.9986 0.9974 0.9989 1.0000 0.9991 0.9991 0.9991 0.6221 0.9941 0.9941 0.6402 
0.7230 0.6404 0.7207 0.7204 0.9978 0.6224 0.6223 0.9989 0.9984 0.9985 0.9979 0.9985 0.9991 1.0000 0.9989 0.9988 0.6223 0.9944 0.9944 0.6404 
0.7233 0.6403 0.7210 0.7207 0.9970 0.6223 0.6222 0.9998 0.9991 0.9992 0.9974 0.9986 0.9991 0.9989 1.0000 0.9994 0.6222 0.9938 0.9938 0.6403 
0.7232 0.6403 0.7209 0.7206 0.9969 0.6222 0.6222 0.9993 0.9988 0.9992 0.9975 0.9988 0.9991 0.9988 0.9994 1.0000 0.6222 0.9937 0.9937 0.6403 
0.6986 0.7362 0.6985 0.6986 0.6225 0.9998 0.9999 0.6222 0.6224 0.6223 0.6227 0.6219 0.6221 0.6223 0.6222 0.6222 1.0000 0.6228 0.6228 0.7360 
0.7213 0.6401 0.7190 0.7187 0.9962 0.6228 0.6228 0.9937 0.9935 0.9935 0.9951 0.9936 0.9941 0.9944 0.9938 0.9937 0.6228 1.0000 1.0000 0.6401 
0.7213 0.6401 0.7190 0.7187 0.9962 0.6228 0.6228 0.9937 0.9935 0.9935 0.9951 0.9936 0.9941 0.9944 0.9938 0.9937 0.6228 1.0000 1.0000 0.6401 
0.7154 0.9990 0.7149 0.7148 0.6403 0.7360 0.7360 0.6403 0.6404 0.6403 0.6405 0.6402 0.6402 0.6404 0.6403 0.6403 0.7360 0.6401 0.6401 1.0000 
