1:	0.2161 0.0422 0.3602 0.1356 0.0315 0.0295 0.0376 0.0151 0.0635 0.0034 0.0653 	28
2:	0.3071 0.0601 0.0950 0.1925 0.0942 0.0097 0.0886 0.0088 0.0338 0.0317 0.0787 	27
3:	0.1380 0.3294 0.0022 0.0842 0.0756 0.0166 0.0862 0.0419 0.0806 0.1360 0.0093 	28
4:	0.0364 0.0633 0.0252 0.0646 0.0867 0.1542 0.1859 0.0869 0.0273 0.2089 0.0606 	15
5:	0.0513 0.1175 0.0052 0.0773 0.0769 0.0124 0.1891 0.1061 0.0273 0.2826 0.0543 	29
6:	0.0415 0.0249 0.3851 0.1468 0.0342 0.0869 0.1382 0.0170 0.0155 0.0406 0.0692 	24
7:	0.0387 0.0326 0.0708 0.0315 0.0224 0.0544 0.2097 0.1193 0.0545 0.2985 0.0676 	26
8:	0.0869 0.3153 0.0144 0.1046 0.0685 0.0921 0.0801 0.0962 0.0437 0.0396 0.0587 	30
9:	0.3031 0.0201 0.0040 0.1717 0.0860 0.0089 0.0130 0.0200 0.2363 0.0070 0.1297 	29
10:	0.1665 0.0043 0.0887 0.1397 0.0345 0.0238 0.0195 0.0734 0.2303 0.0240 0.1952 	27
11:	0.0769 0.0000 0.0000 0.0421 0.2864 0.0000 0.0113 0.0764 0.0000 0.4442 0.0627 	9
12:	0.2661 0.0237 0.0070 0.3198 0.1400 0.0413 0.0332 0.0117 0.0984 0.0071 0.0515 	28
