1:	0.2757 0.0169 0.3806 0.2076 0.0877 0.0315 	28
2:	0.3905 0.0657 0.1145 0.3010 0.0942 0.0341 	27
3:	0.3276 0.2523 0.0087 0.2025 0.0090 0.2000 	28
4:	0.1847 0.4467 0.1104 0.1581 0.0406 0.0595 	15
5:	0.2207 0.3929 0.0182 0.1659 0.0354 0.1669 	29
6:	0.1300 0.0947 0.4798 0.2339 0.0448 0.0168 	24
7:	0.2205 0.3799 0.1718 0.0726 0.0320 0.1232 	26
8:	0.2419 0.1756 0.0530 0.2270 0.0531 0.2494 	30
9:	0.3870 0.0201 0.0325 0.1950 0.3333 0.0321 	29
10:	0.2575 0.0309 0.1521 0.1594 0.3193 0.0808 	27
11:	0.0704 0.5311 0.0000 0.0624 0.2890 0.0470 	9
12:	0.2981 0.0420 0.0419 0.3935 0.1835 0.0410 	28
