1:	0.3023 0.0371 0.4298 0.2308 	28
2:	0.4397 0.0869 0.1342 0.3392 	27
3:	0.3820 0.3865 0.0281 0.2035 	28
4:	0.2115 0.4807 0.1233 0.1845 	15
5:	0.2643 0.4987 0.0421 0.1949 	29
6:	0.1662 0.0994 0.5095 0.2249 	24
7:	0.2554 0.4647 0.2062 0.0736 	26
8:	0.2844 0.3476 0.0967 0.2713 	30
9:	0.5095 0.0458 0.1071 0.3375 	29
10:	0.3575 0.0851 0.3077 0.2498 	27
11:	0.1331 0.6209 0.0159 0.2301 	9
12:	0.3916 0.0623 0.0685 0.4775 	28
