1:	0.2196 0.0155 0.4209 0.2015 0.0510 0.0225 0.0690 	28
2:	0.2768 0.0497 0.1255 0.2732 0.1109 0.0061 0.1578 	27
3:	0.1472 0.2460 0.0127 0.1908 0.0242 0.0572 0.3218 	28
4:	0.0590 0.2718 0.0478 0.1158 0.0926 0.1970 0.2160 	15
5:	0.0732 0.3993 0.0246 0.1628 0.0590 0.0369 0.2442 	29
6:	0.0397 0.0510 0.4592 0.2065 0.0557 0.0715 0.1164 	24
7:	0.0747 0.3834 0.1621 0.0660 0.0411 0.0730 0.1997 	26
8:	0.0852 0.1478 0.0318 0.2083 0.0614 0.1452 0.3203 	30
9:	0.5112 0.0196 0.0319 0.2072 0.1630 0.0264 0.0407 	29
10:	0.3462 0.0532 0.1786 0.1758 0.1892 0.0341 0.0228 	27
11:	0.0558 0.4051 0.0000 0.0433 0.4635 0.0219 0.0104 	9
12:	0.3614 0.0200 0.0223 0.3847 0.1082 0.0535 0.0498 	28
