1:	0.2391 0.0096 0.0044 0.4187 0.2056 0.0401 0.0541 0.0285 	29
2:	0.3341 0.0014 0.0514 0.1460 0.2752 0.0858 0.0968 0.0093 	30
3:	0.2125 0.0188 0.1768 0.0086 0.1583 0.0439 0.3507 0.0305 	30
4:	0.0921 0.0118 0.2188 0.0340 0.1053 0.2829 0.1235 0.1317 	22
5:	0.1298 0.0078 0.3759 0.0477 0.1334 0.0343 0.2517 0.0194 	30
6:	0.0736 0.0147 0.0491 0.4063 0.1710 0.1579 0.0514 0.0760 	29
7:	0.1258 0.0136 0.3308 0.1294 0.0496 0.1184 0.1676 0.0649 	30
8:	0.0327 0.0000 0.0000 0.6443 0.0327 0.0044 0.0000 0.2858 	1
9:	0.1407 0.0105 0.1037 0.0595 0.2012 0.0041 0.3670 0.1134 	30
10:	0.4963 0.0050 0.0277 0.0967 0.2877 0.0390 0.0194 0.0282 	30
11:	0.3314 0.0349 0.0487 0.2461 0.2010 0.0999 0.0185 0.0194 	30
12:	0.0591 0.5348 0.2097 0.0057 0.0457 0.1396 0.0052 0.0002 	30
13:	0.3781 0.0213 0.0301 0.0409 0.4111 0.0345 0.0377 0.0464 	30
