1.0000	0.8217	0.6781	0.9884	0.9884	0.7379	0.9639	0.6939	0.8449	0.7152	0.8399	0.6727	0.7642	0.6784	0.7153	0.7844	0.7152	0.8106	0.7803	0.7156
0.8217	1.0000	0.7158	0.8203	0.8203	0.7888	0.8083	0.7381	0.9173	0.7754	0.7753	0.6996	0.7920	0.7156	0.7756	0.7782	0.7753	0.7644	0.7766	0.7758
0.6781	0.7158	1.0000	0.6790	0.6790	0.7928	0.6683	0.7773	0.7235	0.7679	0.7165	0.8095	0.7664	0.9907	0.7679	0.7402	0.7676	0.7337	0.7236	0.7679
0.9884	0.8203	0.6790	1.0000	1.0000	0.7393	0.9560	0.6944	0.8429	0.7162	0.8457	0.6737	0.7669	0.6792	0.7163	0.7884	0.7161	0.8158	0.7845	0.7166
0.9884	0.8203	0.6790	1.0000	1.0000	0.7393	0.9560	0.6944	0.8429	0.7162	0.8457	0.6737	0.7669	0.6792	0.7163	0.7884	0.7161	0.8158	0.7845	0.7166
0.7379	0.7888	0.7928	0.7393	0.7393	1.0000	0.7253	0.7904	0.7795	0.8873	0.7861	0.7699	0.9112	0.7924	0.8875	0.8278	0.8872	0.8027	0.8047	0.8879
0.9639	0.8083	0.6683	0.9560	0.9560	0.7253	1.0000	0.6868	0.8297	0.7042	0.8193	0.6625	0.7487	0.6687	0.7043	0.7678	0.7042	0.7915	0.7624	0.7046
0.6939	0.7381	0.7773	0.6944	0.6944	0.7904	0.6868	1.0000	0.7259	0.7694	0.7271	0.7467	0.7722	0.7782	0.7695	0.7660	0.7696	0.7405	0.7480	0.7696
0.8449	0.9173	0.7235	0.8429	0.8429	0.7795	0.8297	0.7259	1.0000	0.7629	0.7901	0.7124	0.7829	0.7234	0.7630	0.7656	0.7628	0.7783	0.7649	0.7632
0.7152	0.7754	0.7679	0.7162	0.7162	0.8873	0.7042	0.7694	0.7629	1.0000	0.7524	0.7474	0.8537	0.7675	0.9982	0.7879	0.9946	0.7644	0.7743	0.9972
0.8399	0.7753	0.7165	0.8457	0.8457	0.7861	0.8193	0.7271	0.7901	0.7524	1.0000	0.7090	0.8331	0.7167	0.7525	0.8886	0.7523	0.9499	0.8691	0.7528
0.6727	0.6996	0.8095	0.6737	0.6737	0.7699	0.6625	0.7467	0.7124	0.7474	0.7090	1.0000	0.7482	0.8082	0.7473	0.7219	0.7468	0.7231	0.7127	0.7471
0.7642	0.7920	0.7664	0.7669	0.7669	0.9112	0.7487	0.7722	0.7829	0.8537	0.8331	0.7482	1.0000	0.7664	0.8538	0.8787	0.8529	0.8493	0.8578	0.8542
0.6784	0.7156	0.9907	0.6792	0.6792	0.7924	0.6687	0.7782	0.7234	0.7675	0.7167	0.8082	0.7664	1.0000	0.7675	0.7404	0.7673	0.7340	0.7240	0.7675
0.7153	0.7756	0.7679	0.7163	0.7163	0.8875	0.7043	0.7695	0.7630	0.9982	0.7525	0.7473	0.8538	0.7675	1.0000	0.7879	0.9952	0.7644	0.7742	0.9976
0.7844	0.7782	0.7402	0.7884	0.7884	0.8278	0.7678	0.7660	0.7656	0.7879	0.8886	0.7219	0.8787	0.7404	0.7879	1.0000	0.7877	0.9103	0.9076	0.7883
0.7152	0.7753	0.7676	0.7161	0.7161	0.8872	0.7042	0.7696	0.7628	0.9946	0.7523	0.7468	0.8529	0.7673	0.9952	0.7877	1.0000	0.7642	0.7737	0.9945
0.8106	0.7644	0.7337	0.8158	0.8158	0.8027	0.7915	0.7405	0.7783	0.7644	0.9499	0.7231	0.8493	0.7340	0.7644	0.9103	0.7642	1.0000	0.8756	0.7647
0.7803	0.7766	0.7236	0.7845	0.7845	0.8047	0.7624	0.7480	0.7649	0.7743	0.8691	0.7127	0.8578	0.7240	0.7742	0.9076	0.7737	0.8756	1.0000	0.7744
0.7156	0.7758	0.7679	0.7166	0.7166	0.8879	0.7046	0.7696	0.7632	0.9972	0.7528	0.7471	0.8542	0.7675	0.9976	0.7883	0.9945	0.7647	0.7744	1.0000
