1:	0.8959 0.0446 0.0595 	29
2:	0.8154 0.0518 0.1328 	30
3:	0.4740 0.0444 0.4816 	30
4:	0.3793 0.1921 0.4287 	22
5:	0.3461 0.0307 0.6232 	30
6:	0.7045 0.1527 0.1428 	29
7:	0.3570 0.1044 0.5386 	30
8:	0.7421 0.1285 0.1293 	1
9:	0.5235 0.0248 0.4517 	30
10:	0.9065 0.0247 0.0687 	30
11:	0.7885 0.1141 0.0974 	30
12:	0.1276 0.6547 0.2178 	30
13:	0.8536 0.0521 0.0944 	30
